5.9244228740478055
5.200863145571375
6.142023725886207
7.664579829374844
8.286703003618396
5.474008825871801
6.69331751088003
6.204336294993679
8.723831996681952
-0.4172845707649575
6.889470827644963
4.518273060871604
5.880156360992457
4.600199699174838
5.717221208501742
6.500104416470755
6.447527225721885
6.122671416847165
6.27382086237499
3.897168950855426
6.510376074594869
5.472234569078453
7.419740017702123
7.844593060494561
3.6061194618080483
4.229441027426908
5.868024553554348
3.8869288438119147
6.015724656871471
4.80866556692476
8.55554285947201
7.90125587576796
7.055072840981784
6.702021337512766
-2.6410071719772095
2.8949110514052547
2.8432219251115596
6.900101966006189
6.116277126563918
5.495874056301891
4.264396741671415
6.577429321952742
7.151824469997831
-0.9770534398879462
5.966193249241376
6.920753293641582
5.7543734191680285
5.747381876676901
7.024809584842734
6.950513582635425
6.076318197395988
7.561384141098421
7.2672268690958814
5.949731973763003
6.322027327832421
6.427441304259899
7.881028038286801
7.132524832692461
6.526463871488765
