-9.996190216084706
-2.8573280673529737
-9.983713793144325
-9.577313709808614
-2.5605824524607854
-9.391555606727543
-10.00197226323764
-9.995447980082481
-9.993251656690354
-9.994132434067588
-10.003971540217954
-9.457464473163618
-9.992168402520129
-6.761309107694451
-6.7187241908896524
-9.987046075227063
-9.897234355575002
-9.982229484498767
-8.852093239797632
-6.872593546232402
-9.364070313594148
-9.999561955438203
-9.993768137895877
-9.990207601948732
-9.922064034218756
-9.995721305090065
-9.958031269022122
-9.996424381162633
-8.88415098787943
-9.993725332698268
-9.91245621591299
-8.768225625228133
-10.000286026407885
-8.474085267668507
-10.009793776026363
-9.995878132302842
-10.006106316834867
-9.968574425433708
-9.993371257766576
-10.006604825460109
-9.914772664723678
-9.996463808948484
-9.83016768745717
-9.994568368920064
-9.995021925925194
-9.99241722980043
-9.977430249875233
-8.934307755668506
-5.933624308615045
-7.8706234705608225
-10.003398618981755
-8.458554517629018
-9.99420385803166
-9.76272239006159
-7.995248498107976
-9.649981289609805
-9.998480386260617
-9.965446614012144
-4.220561095574176
-9.999590821740476
-9.998105312392745
-9.636557211902137
-9.990310228957988
-9.987768334149969
-9.765641148427058
-9.688509836374415
-9.182468408940458
-4.340359988555811
-9.570118012306757
-3.683775362378533
-9.995481843385114
-9.997619869788487
-9.730957326632797
-9.992778166351691
9.996154384664514
-9.944536014731803
-9.960146713220475
-9.994118377881769
-9.590595759749085
-8.40983965278685
-9.992897313065278
-9.992652951673172
-10.001929375205528
-9.989906901684499
-9.842638663406724
2.9947126182379904
-9.220479798287961
-5.548350357036561
-9.897567687629653
-9.996473893055573
-8.12067406407079
-9.947835366734871
-9.602640181117586
-10.006425423373749
-9.05620573246103
-9.672213308638511
-9.936583091871235
-8.673800911358576
-9.882066649131794
-9.99594964789214
