13 36685 
14 25973 
15 27834 
16 34766 
17 36804 
18 29169 
19 23496 
20 30766 
21 30346 
22 36380 
23 27975 
24 28631 
25 29776 
26 38886 
27 27909 
28 70785 
29 25845 
30 31053 
31 30512 
13 25612 
14 26686 
15 25743 
16 31517 
17 31553 
18 49884 
19 31612 
13 18333 
14 16957 
15 24407 
16 16185 
17 17147 
18 17122 
19 21929 
20 22544 
21 26412 
22 17441 
23 17215 
24 17241 
25 16469 
26 24639 
27 19614 
28 19666 
29 14896 
30 29601 
31 36045 
32 42037 
33 30789 
34 41583 
35 27733 
36 28450 
37 28984 
38 42366 
39 55988 
40 27908 
41 35441 
42 29189 
43 48504 
44 41535 
45 52671 
46 49338 
47 37484 
48 30172 
49 29611 
50 33333 
51 26188 
52 31547 
53 32979 
54 56455 
55 30902 
56 38243 
57 56062 
58 28901 
59 28687 
60 40856 
61 46199 
62 52904 
63 44002 
