24 23922 
25 27454 
26 17536 
27 24661 
28 27124 
29 29754 
30 25323 
31 23412 
32 27940 
33 29133 
34 28572 
35 28626 
36 28798 
37 22978 
38 23608 
39 24485 
40 22934 
41 21205 
42 23449 
43 27636 
44 21091 
45 19634 
46 24627 
47 24886 
48 25403 
49 23702 
50 25997 
51 23814 
52 25754 
53 27733 
54 33900 
55 30494 
56 36290 
57 40163 
58 32425 
59 39057 
60 50942 
61 42744 
62 39135 
63 33047 
64 53690 
65 37783 
66 48280 
67 35848 
68 30543 
69 43526 
70 25745 
71 36955 
72 29979 
73 36964 
74 40647 
75 38107 
76 36117 
77 39202 
78 43079 
79 41693 
80 38365 
81 40669 
82 43575 
83 42738 
84 40537 
85 39395 
86 46613 
87 47144 
24 14296 
25 15278 
26 16488 
27 15893 
28 14574 
29 15889 
30 21211 
31 21620 
32 16565 
33 15972 
34 17742 
35 19910 
36 18879 
37 18212 
38 15371 
39 20626 
40 18170 
41 22735 
42 20642 
43 20425 
44 21495 
45 18262 
46 20411 
47 18028 
48 22086 
49 18163 
50 28523 
51 22539 
52 25736 
53 27098 
54 18984 
55 20205 
56 18912 
57 21165 
58 21947 
59 30830 
60 32905 
61 32962 
62 35152 
63 37993 
64 38058 
65 34096 
66 36276 
67 29004 
68 38829 
69 39629 
70 40710 
71 41699 
72 40076 
73 42469 
74 40187 
75 37910 
76 40739 
77 38077 
78 31539 
79 33790 
80 36730 
81 42831 
82 39539 
83 48101 
84 39246 
85 52635 
86 51986 
87 49723 
88 49374 
89 42664 
90 54838 
91 49540 
92 58084 
93 55860 
94 58307 
95 63212 
96 64840 
97 64088 
98 63542 
99 64309 
100 90832 
101 87929 
102 61666 
103 60783 
104 73096 
105 66123 
24 51994 
25 60440 
26 46007 
27 36094 
28 34054 
29 40680 
30 32719 
31 32242 
32 30896 
33 32995 
34 30401 
35 27683 
36 25805 
37 41786 
38 49074 
39 54359 
40 48043 
41 46121 
42 56166 
43 50173 
44 63227 
45 38201 
46 42074 
47 42477 
48 60844 
49 45004 
50 52137 
51 57369 
52 49443 
53 59492 
54 45559 
55 51510 
56 66394 
57 50709 
58 59024 
59 66593 
60 64366 
61 47274 
62 60377 
63 47964 
64 43836 
65 45847 
66 41163 
67 77412 
68 80098 
69 58490 
70 42765 
71 43033 
72 65266 
73 49791 
74 55544 
75 60050 
76 48459 
77 71313 
78 79304 
79 50659 
80 59497 
81 62121 
82 42422 
83 42871 
84 39778 
85 41624 
86 44769 
87 32136 
88 43963 
89 28788 
90 28771 
91 53116 
92 53326 
93 36734 
94 49612 
95 34916 
96 44237 
97 37677 
98 67176 
99 80243 
100 48774 
101 52194 
102 66645 
103 73187 
104 45764 
105 33611 
106 24835 
107 48263 
108 49642 
109 35200 
110 30873 
111 29428 
112 27579 
113 50658 
114 40957 
115 57774 
116 57787 
117 48247 
118 32624 
119 30767 
120 37146 
121 28968 
122 42112 
123 43846 
