24 18114 
25 17597 
26 12411 
27 17906 
28 13526 
29 17994 
30 19828 
31 20808 
32 19267 
33 16685 
34 22350 
35 19010 
36 13312 
37 18637 
38 15300 
39 19345 
40 13348 
41 18174 
42 18058 
43 20144 
44 20423 
45 20378 
46 21248 
47 21697 
48 17302 
49 16308 
50 29638 
51 24303 
52 19036 
53 28950 
54 29200 
55 31251 
56 30898 
57 31512 
58 30570 
59 31999 
60 32165 
61 32093 
62 33923 
63 36936 
24 16064 
25 15353 
26 16874 
27 17878 
28 14619 
29 16674 
30 16683 
31 17053 
32 19438 
33 19147 
34 21554 
35 23541 
36 22733 
37 17993 
38 23501 
39 24693 
40 24180 
41 24648 
42 23453 
43 33149 
44 32936 
45 14921 
46 20181 
47 21884 
48 24205 
49 17594 
50 23571 
51 22076 
52 31629 
53 21652 
54 23284 
55 30583 
56 21277 
57 28082 
58 27467 
59 39060 
60 41803 
61 29439 
62 30811 
63 27319 
64 26738 
65 34145 
66 40662 
67 28917 
