24 54203 
25 42334 
26 53578 
27 75098 
28 40749 
29 45737 
30 90032 
31 49097 
32 84221 
33 45729 
34 42428 
35 44419 
36 57103 
37 44380 
38 53319 
39 65909 
40 39286 
41 39635 
42 50040 
43 41394 
44 38073 
45 33466 
46 67294 
47 73520 
48 48020 
49 73137 
50 64883 
51 47140 
52 41727 
53 49046 
54 58560 
55 40442 
56 45402 
57 57372 
58 41973 
59 46014 
60 46228 
61 34456 
62 62695 
63 45976 
64 46326 
65 51109 
66 54764 
67 47134 
68 45888 
69 44447 
70 65818 
71 60042 
72 87766 
73 43106 
74 38180 
75 45097 
76 54158 
24 34185 
25 34540 
26 49028 
27 35647 
28 36590 
29 33587 
30 35583 
31 41992 
32 46775 
33 36916 
34 34144 
35 41349 
36 44884 
37 47281 
38 40506 
39 38611 
40 36246 
41 31927 
42 45321 
43 33014 
44 42404 
45 35086 
46 45142 
47 55903 
48 29993 
49 40887 
50 39812 
51 37637 
52 46246 
53 35211 
54 37395 
55 44991 
56 44102 
57 36083 
58 40190 
59 42527 
60 45447 
61 39796 
62 46382 
63 45501 
64 50663 
65 39404 
66 36510 
67 45799 
68 37612 
69 42938 
70 33238 
71 39374 
72 45989 
73 44066 
74 39245 
75 38880 
76 40940 
77 40216 
78 33189 
79 39520 
80 35306 
81 34509 
82 49246 
83 44297 
84 38557 
85 34290 
86 39916 
87 41678 
88 32643 
89 41819 
90 44105 
91 38048 
92 30633 
93 21930 
94 27244 
95 49568 
96 23172 
97 41100 
98 29124 
99 33947 
100 24572 
101 27014 
102 36463 
103 29466 
104 30697 
105 41031 
106 33203 
107 23931 
108 37610 
109 30598 
110 39126 
111 40642 
112 28773 
113 27192 
114 47705 
115 37876 
116 35932 
117 42257 
118 33779 
119 28626 
120 33051 
121 28183 
122 37406 
123 34352 
124 43742 
125 39613 
126 23945 
127 41933 
128 22870 
129 38775 
130 23276 
131 33405 
132 22144 
133 28022 
134 25394 
135 45195 
136 39740 
137 37749 
138 26092 
139 24370 
140 24393 
141 25012 
142 36519 
143 31226 
144 27526 
145 21757 
146 40908 
147 28666 
148 37036 
149 37357 
150 28102 
151 25462 
152 31880 
153 34602 
154 27984 
155 33451 
156 25933 
157 29817 
158 45521 
159 30393 
160 25129 
161 27859 
162 37564 
163 27718 
164 38032 
165 25324 
166 41826 
167 37537 
168 23973 
169 23602 
170 22768 
171 28024 
172 43683 
173 38751 
174 32139 
175 46445 
176 32529 
177 30919 
178 22649 
179 27191 
180 32606 
181 28143 
182 42458 
183 47052 
184 29525 
185 41408 
186 36397 
187 32346 
188 28423 
189 34442 
190 27198 
191 30777 
192 35712 
193 34960 
194 31347 
195 40811 
196 30017 
197 32328 
198 33128 
199 32227 
200 46913 
201 27205 
202 40153 
203 30335 
204 26223 
205 38636 
206 30266 
207 39683 
24 17340 
25 17736 
26 13491 
27 16934 
28 15022 
29 15334 
30 17578 
31 16747 
32 17466 
33 16346 
34 20548 
35 15947 
36 20794 
37 19390 
24 12219 
25 11731 
26 18523 
27 14352 
28 17577 
29 15184 
30 21359 
31 15365 
32 14432 
33 20855 
34 16435 
35 25844 
36 21726 
37 15995 
38 18364 
39 29046 
40 15845 
41 17002 
42 18116 
43 15781 
44 17784 
45 25559 
46 21037 
47 21098 
48 25528 
49 28803 
50 27845 
51 24023 
52 24173 
53 18646 
54 25173 
55 21329 
56 25922 
57 29124 
58 29106 
59 22190 
60 26723 
61 28179 
62 33742 
63 26241 
64 36356 
65 37662 
66 35546 
67 28476 
68 34324 
69 30109 
70 27259 
71 31449 
72 36974 
73 35984 
74 36496 
75 40137 
76 40087 
77 40496 
78 39297 
79 39127 
80 39187 
81 39299 
82 41269 
83 42002 
84 40685 
85 42598 
86 44015 
87 42385 
24 23500 
25 24571 
26 38359 
27 46145 
28 24965 
29 43611 
30 22172 
31 21309 
32 30298 
33 38270 
34 23599 
35 38275 
36 48227 
37 27994 
38 40681 
39 37965 
40 37523 
41 33463 
42 43097 
43 39809 
44 38553 
45 31770 
46 51836 
47 39368 
48 42446 
49 46122 
50 23950 
51 41199 
52 44796 
53 39452 
54 44102 
55 44572 
56 26284 
57 33309 
58 36292 
59 29955 
60 23823 
61 22658 
62 30761 
63 29228 
64 46165 
65 42687 
66 40814 
67 27948 
68 41934 
69 27916 
70 24564 
71 43621 
72 27796 
73 32020 
74 29911 
75 27346 
76 34932 
77 32990 
78 39537 
79 22677 
80 35830 
24 13917 
25 14324 
26 19256 
27 15232 
28 15953 
29 16000 
30 15385 
31 14671 
32 14673 
33 18874 
34 15199 
35 16312 
36 15979 
37 16954 
38 15654 
39 16267 
40 16415 
41 19177 
42 16790 
43 21179 
44 18548 
45 17285 
46 17961 
47 25503 
48 18091 
49 17455 
50 22490 
51 20308 
52 22904 
53 28046 
54 19439 
55 27826 
56 22742 
24 19649 
25 14921 
26 16558 
27 25186 
28 22523 
29 16738 
30 16527 
31 21638 
32 21319 
33 21658 
34 26031 
35 21709 
36 26965 
37 26463 
38 26784 
39 20969 
40 21434 
41 22582 
42 25954 
43 24830 
44 21585 
45 26650 
46 21773 
47 21921 
48 22484 
49 22883 
50 23148 
51 23218 
52 24481 
53 23421 
54 30049 
55 24513 
56 24668 
57 26005 
58 37673 
59 25481 
60 24642 
61 28228 
62 38580 
63 27868 
64 41030 
65 32153 
24 28138 
25 29849 
26 39214 
27 39056 
28 33131 
29 29805 
30 34230 
31 27248 
32 29270 
33 38208 
34 34104 
35 27291 
36 28290 
37 29431 
38 34539 
39 31207 
40 24345 
41 35313 
42 42101 
43 24866 
44 27296 
45 29227 
46 33770 
47 32657 
48 36807 
49 45713 
50 35392 
51 27923 
52 27425 
53 27923 
54 40904 
55 23187 
56 55484 
57 37051 
58 23311 
59 33602 
60 31402 
61 37637 
62 28405 
63 31152 
64 32870 
65 38495 
66 32021 
67 31109 
68 35172 
69 32818 
70 30103 
71 23232 
72 38595 
73 39965 
74 41590 
75 31659 
76 37451 
77 28288 
78 34699 
79 40018 
80 44360 
81 36865 
82 27955 
83 36353 
84 38985 
85 30575 
86 35137 
87 27488 
88 23643 
89 27500 
90 39533 
91 29861 
92 28085 
93 45085 
94 27616 
95 26267 
96 29412 
97 25625 
98 30768 
99 36104 
100 44518 
101 34641 
102 27736 
103 41386 
104 34228 
105 28962 
106 37811 
107 35134 
108 35781 
109 35019 
110 30224 
111 46628 
112 33062 
113 24680 
114 51401 
115 47512 
116 36208 
117 29233 
118 26214 
24 18933 
25 20740 
26 15381 
27 22027 
28 26280 
29 19763 
30 16696 
31 21820 
32 21228 
33 20125 
34 17097 
35 17645 
36 20560 
37 14048 
38 25906 
39 22515 
40 25740 
41 16724 
42 19651 
43 21478 
44 28396 
45 23890 
46 24354 
47 22766 
48 21489 
49 22857 
50 22878 
51 25606 
24 19907 
25 13822 
26 20861 
27 13327 
28 15569 
29 20870 
30 15417 
31 16996 
32 14899 
33 13715 
34 14586 
35 14203 
36 14799 
37 14088 
38 14574 
39 15021 
40 13759 
41 14924 
42 13922 
43 14823 
44 15565 
45 13876 
46 15247 
47 15314 
48 14330 
49 14834 
50 14504 
51 14875 
52 14900 
53 15568 
54 15168 
55 15238 
56 14700 
57 14185 
24 11659 
25 14147 
26 14665 
27 12113 
28 16685 
29 15251 
30 13669 
31 18843 
32 14308 
33 17064 
34 18662 
35 16149 
36 19122 
37 16316 
38 15873 
39 17532 
40 21637 
41 18151 
42 14935 
43 17640 
44 18348 
45 13772 
46 13989 
47 12858 
48 14133 
49 13202 
50 14586 
51 13288 
52 14187 
53 13752 
54 14466 
55 15247 
56 13830 
57 14705 
58 13984 
59 13097 
60 13650 
61 12888 
62 21148 
63 21261 
64 21005 
65 13595 
66 11988 
67 13485 
68 12113 
69 13202 
70 12450 
71 13636 
72 12161 
73 13399 
74 12507 
75 12049 
76 12478 
77 12993 
78 12503 
79 13489 
80 12987 
81 14027 
82 12935 
83 12497 
84 13435 
85 13017 
86 12723 
87 13105 
88 11867 
89 13518 
90 13253 
91 12431 
92 13806 
93 12894 
94 12227 
95 13970 
96 12970 
97 13818 
98 13380 
99 12459 
100 13135 
101 12504 
102 13492 
103 13064 
104 12435 
105 13568 
106 12443 
107 13152 
108 13401 
109 12219 
110 13341 
111 12836 
112 12788 
113 13378 
114 12898 
115 12897 
116 13589 
117 14281 
118 14182 
119 13611 
120 13522 
121 13173 
122 13201 
123 13992 
24 15617 
25 14599 
26 13724 
27 14445 
28 15651 
29 12819 
30 13526 
31 13945 
32 14409 
33 15897 
34 14743 
35 23287 
36 18801 
37 16035 
38 13486 
39 15080 
40 16031 
41 15111 
42 16138 
43 14926 
44 15298 
45 15714 
46 15887 
47 15842 
48 15779 
49 14839 
50 14991 
51 16566 
52 16313 
53 14720 
54 14252 
55 13388 
56 14211 
57 15080 
58 15502 
59 16023 
60 15446 
61 13711 
62 15419 
63 13833 
64 13752 
65 14563 
66 15493 
67 14139 
68 15526 
69 14339 
24 13057 
25 19277 
26 14283 
27 14110 
28 14843 
29 18928 
30 17004 
31 13890 
32 15217 
33 17923 
34 12775 
35 17369 
36 17315 
37 17516 
38 13219 
39 17294 
40 18004 
41 19983 
42 16488 
43 12222 
44 13336 
45 14251 
46 15021 
47 15345 
48 15577 
49 15658 
50 15410 
51 15422 
52 15929 
53 14314 
54 14101 
55 24320 
56 24162 
57 24419 
58 13183 
59 18114 
60 15513 
61 13395 
62 15285 
63 25660 
24 13177 
25 13760 
26 14415 
27 14560 
28 13705 
29 13964 
30 13298 
31 13103 
32 13474 
33 13387 
34 15122 
35 14519 
36 15154 
37 15608 
38 13791 
39 13621 
40 13823 
41 14451 
42 14102 
43 13731 
44 13719 
45 16013 
46 14339 
47 15533 
48 14702 
49 14580 
50 13293 
51 14951 
52 12769 
53 14060 
54 15083 
55 14178 
56 17121 
57 17913 
58 15098 
59 14213 
60 14748 
61 13648 
62 14815 
63 15734 
64 13080 
65 14486 
66 14154 
67 14259 
68 14205 
69 20351 
70 14542 
71 15388 
72 13399 
73 14566 
74 15000 
75 17738 
76 14387 
77 14392 
78 13377 
79 14850 
80 12974 
81 13139 
82 13362 
83 13319 
84 13904 
85 13179 
86 14941 
87 14415 
88 13948 
89 13369 
90 14392 
91 12713 
92 14745 
93 13816 
94 14520 
95 12550 
96 13342 
97 13152 
98 12911 
99 14155 
100 13711 
24 15259 
25 17845 
26 12380 
27 24223 
28 14179 
29 13736 
30 17151 
31 18506 
32 18993 
33 14103 
34 15164 
35 15412 
36 16477 
37 15549 
38 15839 
39 13499 
40 13514 
41 18539 
42 15092 
43 15823 
44 12616 
45 19047 
46 21222 
47 18423 
48 14132 
49 14020 
50 13827 
51 12477 
52 25631 
53 25777 
54 24735 
55 25741 
56 25035 
57 25475 
58 25154 
59 24847 
60 24277 
61 27015 
62 27666 
63 24513 
64 24956 
65 25175 
66 25474 
67 24988 
68 25695 
69 28540 
70 30574 
71 26717 
72 26350 
73 25758 
24 17085 
25 15996 
26 17849 
27 14830 
28 15219 
29 16226 
30 14967 
31 19230 
32 17321 
33 20390 
34 20062 
35 20571 
36 19077 
37 18868 
38 19008 
39 19648 
40 17669 
41 18993 
42 21331 
43 19920 
44 17382 
45 18387 
