24 11487 
25 11052 
26 11775 
27 11789 
28 11924 
29 11628 
30 11814 
31 11421 
32 11205 
33 10248 
34 10726 
35 11743 
36 11393 
37 10754 
38 10918 
39 12199 
40 12177 
41 11900 
42 10944 
43 11913 
44 11885 
45 11660 
46 12713 
24 11882 
25 11974 
26 12890 
27 10230 
28 9905 
29 11104 
30 11154 
31 11100 
32 10095 
33 11609 
34 10186 
35 11377 
24 15426 
25 17372 
26 14388 
27 15076 
28 19209 
29 19659 
30 13047 
31 14728 
32 14693 
33 20007 
34 15138 
35 15716 
36 21879 
37 17410 
38 19993 
39 15553 
40 18885 
41 15169 
42 18426 
43 15588 
44 15990 
45 16675 
46 18271 
47 18228 
48 17132 
49 19748 
50 20035 
51 16651 
52 19364 
53 20895 
54 22086 
55 18214 
56 18200 
57 38835 
58 37271 
59 16537 
60 19677 
61 37820 
62 39939 
63 38934 
64 36003 
65 50146 
66 40670 
67 41898 
24 12143 
25 18568 
26 17634 
27 17244 
28 17973 
29 17372 
30 19999 
31 19085 
32 17804 
33 13764 
34 18407 
35 20883 
36 14475 
37 19542 
38 25375 
39 25115 
40 28486 
41 17032 
42 19796 
43 28303 
44 19621 
45 20196 
46 30193 
47 31151 
48 17582 
49 18636 
50 33442 
51 40353 
52 36029 
53 30463 
54 33628 
55 20110 
56 19084 
57 21363 
58 22976 
59 18945 
60 21844 
61 22412 
