2.394512478501103
2.394512478501103
1.167714784851999
1.167714784851999
1.167714784851999
1.167714784851999
1.167714784851999
0.8503047312496794
0.8503047312496794
0.9536225642216576
0.9536225642216576
0.9536225642216576
0.9238645309464784
1.0489501874832148
0.8456362521527443
1.1147949053697848
1.0080149388775834
1.0092418113375818
1.053010864935747
1.006984887583315
1.0049682949935925
1.213846960435863
1.0025089335029276
1.054493733818369
1.0147266693150248
0.986621732014012
0.9348062667638435
0.9832618240720561
1.0796509653612394
0.9006345092507257
1.10945796791307
1.0026052462926427
1.138154941405507
0.9121047921278813
0.9800179157752678
0.8630767092296421
1.154088893016994
1.0386337428759984
0.8767275178227156
0.973466732931755
1.1251246059430398
1.1803305753064248
1.1510449430916805
1.1900857213668705
1.150891509006588
1.1728942314855186
0.9989158810390326
0.9839610549957389
0.9373316130105533
1.0029735168622023
0.9261131811699213
0.965275381138682
1.0812632236760575
1.097084767438187
1.0021295440197986
1.0164407659687957
0.9724336313599982
0.9855812277773883
0.961626727911018
1.136662980005838
1.1835127886700119
1.0740431706938485
1.0253210269365707
1.171577799145553
1.1636643339561101
1.1736044049473873
0.9366192638326827
0.9432229288868901
1.1242610208744215
1.0538465686579923
0.9534525008681958
0.9610300047622826
0.9863176125457653
1.096613519872332
0.936813093899858
1.0169093427824873
1.0165914029288818
0.9429207173903582
0.9050777492466975
0.9698579130912006
1.0055593127592783
0.9788256151778723
1.0821283794028358
1.020153445795192
1.0100523454740054
1.0033617506146908
1.1368894974191588
0.974741199113883
1.173275364039473
0.9781427715685003
0.9948475511633537
1.0039178354076879
1.063656268158557
1.141501500811629
1.1352938063552185
1.1745425971195158
0.9936535184074278
1.1598691019194693
1.1332552170838004
1.0449396313732575
0.946203622636347
