0.6686847493236794
33.071176259789226
0.4306939616109624
0.4306939616109624
0.4306939616109624
0.29917535121450245
0.29917535121450245
0.29917535121450245
1.6172125619978346
0.7000025072446783
0.6889553681523045
0.22224096252907494
0.032513398110982375
0.032513398110982375
0.032513398110982375
0.032513398110982375
0.00609600865881931
0.00609600865881931
0.00609600865881931
0.00609600865881931
0.00609600865881931
0.00609600865881931
0.00609600865881931
0.00609600865881931
0.00609600865881931
0.004377626307618605
0.004377626307618605
0.004377626307618605
0.004377626307618605
0.0012698770676026461
0.0016780556093611287
0.8637085855507478
0.08236767852971122
0.0023030843145152293
0.0023030843145152293
0.0023030843145152293
0.0023030843145152293
0.0023030843145152293
0.0023030843145152293
0.0023030843145152293
0.0023030843145152293
0.0023030843145152293
0.005104613574354856
0.005104613574354856
0.005104613574354856
0.0042822449150048516
0.00515403212514538
0.0048962763811007245
0.0048962763811007245
0.0048962763811007245
0.0012777409637595404
0.0012777409637595404
0.0012777409637595404
7.246438255521947E-4
7.246438255521947E-4
7.246438255521947E-4
7.246438255521947E-4
7.246438255521947E-4
1.545180164053513E-4
1.545180164053513E-4
1.545180164053513E-4
5.602687071768915E-4
5.602687071768915E-4
3.117691736982378E-4
1.4453702213582456
0.004127445007650438
0.001998998442887043
0.0014413395512598891
1.3183257580619918
0.0088841003266732
0.0088841003266732
1.0598844513214098
0.7558605212408455
0.37445878184746684
0.39293110678922644
0.008676292815369658
0.0061621351308854735
0.5435841093823921
0.06136844314805527
0.013414632608989983
0.005130082249935919
0.004442406161141644
0.0030413442938347457
1.0481353833339107
0.013220309259298912
7.310702771628679E-4
7.310702771628679E-4
7.310702771628679E-4
7.310702771628679E-4
7.310702771628679E-4
7.310702771628679E-4
7.310702771628679E-4
7.310702771628679E-4
7.310702771628679E-4
7.310702771628679E-4
7.310702771628679E-4
7.310702771628679E-4
7.310702771628679E-4
7.310702771628679E-4
7.310702771628679E-4
7.310702771628679E-4
