29.140573121377884
4.610835797159307
4.610835797159307
4.610835797159307
4.610835797159307
4.610835797159307
4.610835797159307
1.0301582933781877
1.0301582933781877
1.0301582933781877
1.0301582933781877
1.0301582933781877
1.0301582933781877
1.0301582933781877
1.0301582933781877
1.0301582933781877
1.0301582933781877
1.0301582933781877
1.0301582933781877
0.31219104749046955
0.31219104749046955
0.7239666762191294
0.7239666762191294
0.7239666762191294
0.2607296749775049
0.32449770895973107
0.32449770895973107
0.32449770895973107
0.32449770895973107
0.5304187788926531
0.5304187788926531
0.4438129351455543
0.4438129351455543
0.4438129351455543
0.4438129351455543
0.4438129351455543
0.4438129351455543
0.4465422469288424
0.4465422469288424
0.4465422469288424
0.4465422469288424
0.4465422469288424
0.4465422469288424
0.4465422469288424
0.43434689946417776
0.43434689946417776
0.43434689946417776
0.4383136552660054
0.42117414655725555
0.43742342961806047
0.43791622320952844
0.43976784669296826
0.42417622497039525
0.4473768622662098
0.44238267749805216
0.42396566303345146
0.42551735681022584
0.4215621527184092
0.4282062746744604
0.42010528056954993
0.43023997730064634
0.4243891302609262
0.43003465838087385
0.43043194611855184
0.4394842614105222
0.4527783086221109
0.43181970758166255
0.4535669684119571
0.45157804935560497
0.4518251502408094
0.4506995249180371
0.4555694640762802
0.4554021808882125
0.4287221741531904
0.42463201706304543
0.43186635456870903
0.44916181141555434
0.43086331663312694
0.4246821749826997
0.42910139658403784
0.42974825580066406
0.4210437671101539
0.4315365929350114
0.41193318277914437
0.4123617179729327
0.43254216949620417
0.44277041657348737
0.4250168728085289
0.4373344177131049
0.4470278525754617
0.4367607153868843
0.4382718853115593
0.4477024181535437
0.44680203637040355
0.4381732458164764
0.4314951424402114
0.4398049743303775
0.44560500395136743
0.4307391560840169
0.4298637697203593
0.4392075300875169
