47.03761745760566
26.680092162975292
111.80016323312213
36.7775246761169
24.818112608247453
8.31176003678022
35.874885125524344
23.159450030108946
45.44191589268382
46.60671278569784
36.2364800193296
29.030645381248977
55.160342351742806
29.268548083898764
37.72626358016694
37.72626358016694
48.494148169456786
48.494148169456786
45.13336117366872
45.13336117366872
43.240489780993464
30.57572920358337
37.73879379106347
51.20462220186721
51.20462220186721
55.510101558820715
55.510101558820715
55.510101558820715
50.442587385112176
50.442587385112176
50.442587385112176
50.51167061369993
50.51167061369993
50.51167061369993
50.51167061369993
50.51167061369993
50.51167061369993
50.26702939973487
50.26702939973487
50.26702939973487
50.26702939973487
50.26702939973487
50.26702939973487
50.26702939973487
50.26702939973487
50.26702939973487
50.26702939973487
50.26702939973487
50.26702939973487
50.26702939973487
50.26702939973487
50.26702939973487
50.26702939973487
50.26702939973487
50.26702939973487
50.26702939973487
50.26702939973487
50.26702939973487
50.26702939973487
50.26702939973487
50.26702939973487
50.26702939973487
50.26702939973487
50.26702939973487
50.26702939973487
50.26702939973487
50.26702939973487
50.26702939973487
50.26702939973487
50.26702939973487
50.26702939973487
50.26702939973487
50.26702939973487
50.26702939973487
50.26702939973487
50.26702939973487
50.26702939973487
50.26702939973487
50.26702939973487
50.26702939973487
50.26702939973487
50.26702939973487
50.26702939973487
50.26702939973487
50.26702939973487
50.26702939973487
50.26702939973487
50.26702939973487
50.26702939973487
50.26702939973487
50.26702939973487
50.26702939973487
50.26702939973487
50.26702939973487
50.26702939973487
50.26702939973487
50.26702939973487
50.26702939973487
50.26702939973487
50.26702939973487
50.26702939973487
