22.874775933149785
22.874775933149785
22.874775933149785
22.874775933149785
22.874775933149785
1.3016901246690296
1.3016901246690296
1.3016901246690296
1.3016901246690296
1.3016901246690296
1.3016901246690296
1.3016901246690296
1.3016901246690296
14.662972918634987
14.662972918634987
2.3485228506734073
2.3485228506734073
11.063647115176071
11.063647115176071
11.063647115176071
11.063647115176071
11.063647115176071
11.063647115176071
11.063647115176071
11.063647115176071
11.063647115176071
11.063647115176071
11.063647115176071
11.341914832872154
11.341914832872154
11.341914832872154
11.341914832872154
11.341914832872154
11.341914832872154
11.341914832872154
11.341914832872154
11.341914832872154
11.341914832872154
11.341914832872154
11.341914832872154
11.341914832872154
11.341914832872154
11.341914832872154
11.341914832872154
11.341914832872154
11.341914832872154
11.341914832872154
11.341914832872154
11.341914832872154
11.341914832872154
11.341914832872154
11.341914832872154
11.341914832872154
11.341914832872154
11.341914832872154
11.341914832872154
11.341914832872154
11.341914832872154
11.341914832872154
11.341914832872154
11.341914832872154
11.341914832872154
11.341914832872154
11.341914832872154
11.341914832872154
11.341914832872154
11.341914832872154
11.341914832872154
11.341914832872154
11.341914832872154
11.341914832872154
6.933489363568159
6.933489363568159
6.933489363568159
6.933489363568159
6.933489363568159
6.933489363568159
6.933489363568159
6.933489363568159
6.933489363568159
6.933489363568159
6.933489363568159
6.933489363568159
6.933489363568159
6.933489363568159
6.933489363568159
6.933489363568159
6.933489363568159
6.933489363568159
6.933489363568159
6.933489363568159
6.933489363568159
6.933489363568159
6.933489363568159
6.933489363568159
6.933489363568159
6.933489363568159
6.933489363568159
6.933489363568159
6.933489363568159
6.933489363568159
