2.9975336845551444
2.970951386259821
2.970951386259821
2.970951386259821
2.970951386259821
2.960875374217953
2.960875374217953
2.960875374217953
2.960875374217953
2.960875374217953
2.960875374217953
2.960875374217953
2.9577029355267204
2.9577029355267204
2.9576428471468375
2.9576428471468375
2.9576428471468375
2.9576428471468375
2.9576428471468375
2.9572731566662944
2.9572731566662944
2.9572731566662944
2.9572731566662944
2.9572731566662944
2.9572731566662944
2.9572731566662944
2.9572731566662944
2.9572731566662944
2.9572731566662944
2.9572731566662944
2.9572731566662944
2.9572731566662944
2.9572731566662944
2.9572731566662944
2.9571801176891914
2.9571801176891914
2.9571801176891914
2.9571905737876842
2.9571905737876842
2.957180040478284
2.957169811034371
2.957169811034371
2.957169811034371
2.957169811034371
2.957167633424389
2.957167633424389
2.957167633424389
2.957167633424389
2.957167633424389
2.957167633424389
2.957167633424389
2.957167633424389
2.957167633424389
2.957167633424389
2.957167633424389
2.957167633424389
2.957167633424389
2.957167633424389
2.957167633424389
2.957167633424389
2.957167633424389
2.957167633424389
2.957167633424389
2.957167633424389
2.957167633424389
2.957167633424389
2.957167633424389
2.957167633424389
2.957167633424389
2.957167633424389
2.957167633424389
2.957167633424389
2.957167633424389
2.957167633424389
2.957167633424389
2.957167633424389
2.957167633424389
2.957167633424389
2.957167633424389
2.957167633424389
2.957167633424389
2.957167633424389
2.957167633424389
2.957167633424389
2.957167633424389
2.957167633424389
2.957167633424389
2.957167633424389
2.957167633424389
2.957167633424389
2.957167633424389
2.957167633424389
2.957167633424389
2.957167633424389
2.957167633424389
2.957167633424389
2.957167633424389
2.957167633424389
2.957167633424389
2.957167633424389
2.957167633424389
2.957167633424389
