27.916329730353656
27.916329730353656
27.916329730353656
27.916329730353656
27.916329730353656
15.955151047884875
15.955151047884875
15.955151047884875
10.24232339835557
3.2024603139230594
3.9793252185552945
3.9793252185552945
3.9793252185552945
3.9793252185552945
3.9793252185552945
3.9793252185552945
3.9793252185552945
3.9793252185552945
3.9793252185552945
3.965758356116363
3.5559765753533448
3.5559765753533448
3.2636289149952007
3.2636289149952007
3.2636289149952007
3.2636289149952007
3.2636289149952007
3.2957168045779373
3.273427259578366
3.273427259578366
3.240752705718959
3.240752705718959
3.240752705718959
3.240752705718959
3.240752705718959
3.240752705718959
3.240752705718959
3.231864917120028
3.231864917120028
3.2283591683752535
3.2283591683752535
3.271229193267651
3.2552845359862674
3.268367844739134
3.2258948403818044
3.248635829487654
3.2359358023611913
3.251816677038654
3.248746459408518
3.2399480661555184
3.2397852711375603
3.2636274523046866
3.2664946073601757
3.265856556885745
3.2546104527404873
3.2658296688813406
3.257614137747325
3.251104226407745
3.2588025343560627
3.2650084605793026
3.258148513291982
3.260750358442657
3.2494274208623337
3.2646597523122662
3.243769261922094
3.2587808468174386
3.2516303437239804
3.2609393615369404
3.2607413666539125
3.254403661495106
3.2614285194857926
3.263012624037791
3.2392278227049567
3.267107222390227
3.25077187151379
3.267431294023452
3.25096613520598
3.2409497488770405
3.242018083765498
3.239430616265559
3.243046585058188
3.243950008991181
3.2613147363048616
3.236610759097895
3.236343842748578
3.26788110466897
3.264127475528496
3.2501935369300288
3.244104125837576
3.2336629453972696
3.2463626053604275
3.247263611772271
3.2459204710159875
3.243570845562352
3.2384435000523246
3.239738743657191
3.2540704055760994
3.2557696272583776
3.2509139680051002
3.252077376605938
3.252840263754223
3.2642176000832146
3.250891496850002
3.252646440399105
3.268296285971804
3.2558736457639794
