0.08252115736963596
0.03575083474573323
0.03575083474573323
0.039854213066002356
0.039854213066002356
0.039854213066002356
0.039854213066002356
0.06870606572875061
0.06870606572875061
0.04269207697627982
0.13694616695537737
0.13694616695537737
0.13694616695537737
0.13694616695537737
0.13694616695537737
0.13694616695537737
0.13694616695537737
0.13694616695537737
0.13694616695537737
0.13694616695537737
0.13694616695537737
0.13694616695537737
0.13694616695537737
0.12549416295778051
0.12754761619799596
0.1282329954424615
0.1256582209123688
0.1256582209123688
0.1470473021826306
0.1470473021826306
0.1470473021826306
0.1470473021826306
0.1470473021826306
0.1470473021826306
0.1470473021826306
0.1470473021826306
0.13730034572936903
0.13730034572936903
0.14182907115294552
0.14182907115294552
0.14182907115294552
0.14182907115294552
0.14767558474597817
0.14767558474597817
0.14767558474597817
0.14767558474597817
0.14767558474597817
0.14641655826696573
0.14641655826696573
0.14641655826696573
0.14641655826696573
0.1479963496887723
0.14799740031042916
0.14838297763131475
0.14838297763131475
0.14838297763131475
0.14810899744771752
0.1483896997874781
0.1483896997874781
0.1483896997874781
0.1483896997874781
0.1483896997874781
0.14838963535024258
0.14832027813492343
0.14832198799131616
0.1483679898457029
0.14797495938117108
0.14818353719549218
0.1480712767825299
0.1481482152631559
0.14796133720661694
0.14837410486753091
0.14840174954578111
0.14833533428996803
0.14831568076822352
0.14830610211935846
0.1483154914494285
0.14840628473328615
0.14829017058828062
0.14829403716644518
0.1482941436083441
0.14824905895080245
0.14835211807965284
0.14840997900301395
0.14820360365635082
0.14835209460477589
0.14836673742711112
0.14839562213009896
0.14828430526964664
0.14821848568288326
0.14823948981916524
0.1482193057617303
0.1481501623838187
0.1483266188132726
0.14840598728608081
0.14836325090459307
0.1481998765958643
0.14828597921900913
0.14823959472612613
0.14832771218236596
0.14839618103042018
