0.04496953582383609
0.04496953582383609
0.04496953582383609
0.04496953582383609
0.03786773551135353
0.03786773551135353
0.025231694151710615
0.025231694151710615
0.025231694151710615
0.02910564739276364
0.0013820385870540637
0.0013820385870540637
0.0013820385870540637
0.0013820385870540637
0.0013820385870540637
0.0013820385870540637
0.0013820385870540637
0.0013820385870540637
0.0013820385870540637
0.0013820385870540637
0.0013820385870540637
8.434510027507721E-4
8.434510027507721E-4
8.434510027507721E-4
8.434510027507721E-4
8.434510027507721E-4
8.434510027507721E-4
8.434510027507721E-4
8.434510027507721E-4
8.434510027507721E-4
8.434510027507721E-4
8.434510027507721E-4
8.434510027507721E-4
8.434510027507721E-4
8.434510027507721E-4
8.434510027507721E-4
8.434510027507721E-4
8.434510027507721E-4
8.434510027507721E-4
8.434510027507721E-4
8.434510027507721E-4
8.434510027507721E-4
8.434510027507721E-4
8.434510027507721E-4
8.546882620575937E-4
8.040386245099802E-4
8.040386245099802E-4
8.040386245099802E-4
8.040386245099802E-4
8.040386245099802E-4
8.040386245099802E-4
8.040386245099802E-4
8.040386245099802E-4
8.040386245099802E-4
8.040386245099802E-4
8.040386245099802E-4
8.080781846153615E-4
8.080781846153615E-4
8.080781846153615E-4
8.080781846153615E-4
8.080781846153615E-4
8.080781846153615E-4
8.080781846153615E-4
8.080781846153615E-4
8.080781846153615E-4
8.080781846153615E-4
8.000349247427093E-4
8.000349247427093E-4
8.000349247427093E-4
8.000349247427093E-4
8.000349247427093E-4
8.000349247427093E-4
8.000349247427093E-4
8.000349247427093E-4
8.000349247427093E-4
8.000349247427093E-4
8.000349247427093E-4
8.000349247427093E-4
8.000349247427093E-4
8.000349247427093E-4
8.000349247427093E-4
8.000349247427093E-4
8.000349247427093E-4
8.000349247427093E-4
8.000349247427093E-4
8.000349247427093E-4
8.000349247427093E-4
8.000349247427093E-4
8.000349247427093E-4
8.000349247427093E-4
8.000349247427093E-4
8.000349247427093E-4
8.000349247427093E-4
8.000349247427093E-4
8.000349247427093E-4
8.000349247427093E-4
8.000349247427093E-4
8.000349247427093E-4
8.000349247427093E-4
8.000349247427093E-4
8.000349247427093E-4
8.000349247427093E-4
8.000349247427093E-4
8.000349247427093E-4
8.000349247427093E-4
