4.431816256360041
4.431816256360041
2.1398233692683406
2.2758456678244325
2.2758456678244325
4.5820214388995115
3.1915326331671476
7.3968687399664015
10.82595277245018
4.433115021866881
2.4241834386835115
2.771759606299648
2.644649626200083
2.644649626200083
4.060170290397025
4.398231366228956
1.703472543525298
1.703472543525298
10.968269999111957
10.968269999111957
4.719662985172112
4.719662985172112
3.703210727239838
3.703210727239838
1.1211184981495175
9.810750216519546
4.526811886308757
6.800469509588951
6.800469509588951
6.800469509588951
6.800469509588951
4.367956319693463
1.4029794152575303
7.437049168465282
2.4911286683283036
5.123690953983953
3.1431094002321216
4.04060595552981
4.04060595552981
0.655632009580093
0.655632009580093
2.785912292466639
2.785912292466639
4.679247571305334
2.806043992324738
0.7607088698993812
0.7607088698993812
4.44771288137991
7.526807992647735
3.721197151842331
3.721197151842331
2.8506315871016326
2.8506315871016326
4.2355727905297815
2.864429071075949
2.7622857105847465
2.634605629470917
1.6697003396905303
1.4356812052109542
5.977690812394927
5.977690812394927
5.977690812394927
1.8928805203854229
1.8928805203854229
1.3161563396380815
3.186040353283569
3.186040353283569
2.6186855445497397
2.1942197832043098
2.1942197832043098
2.1942197832043098
9.730690615869296
9.730690615869296
3.0952576584025357
2.5238609675971873
2.4443533803734097
2.3124233400527294
3.0504017493662885
2.0625214062619817
6.2849750295951665
2.338302792592519
2.338302792592519
3.6809827666876007
3.1519111354811145
1.905069053705946
2.604126698516321
2.784339148152593
3.9221300199596527
3.9221300199596527
3.6714038941239266
3.173387295750019
8.51955555109735
2.5425433182023585
2.5425433182023585
2.893814376060755
2.4227006986875432
2.9740881269625588
13.205506249739475
4.318826580296026
4.7238486220282
4.7238486220282
