1.3755751017283846
1.3755751017283846
57.31320251975183
1430.3621869797416
4009.6201493626563
12.165734308035162
16.950789623028736
3.3485110953452937
4.716292121137977
17.36779243566943
367.17791966105307
106.42846219303969
158.7897854988543
11.610822327198706
795.3027065127424
24.225625101942374
24.225625101942374
15.423047190899853
0.8370431799640179
155.3669548101069
605.7426598203976
6.201902109954778
490.0066004826729
3753.7819953015523
1937.2368423446298
1.7293570716977362
15.196827417806437
32.251407818784536
272.4916817299784
285.8848733191511
1346.4316646263371
3321.4681911737152
1796.5650202364113
513.7455739436219
56.21276695523907
15.279458017860089
40.80884776826531
31.677410775909458
56.8447603067568
286.4652034521443
1825.5147561853407
1154.5951838388123
2254.508198663448
293.1857387415867
1923.1139781136405
26.578476135798102
1.6551245272539348
2.1040563995497634
81.0730939683078
249.41856159261056
7.44873839508933
47.3621430208619
2554.2598700445046
690.7061266535966
1971.1380597427376
10.495727073455061
580.0308710568262
12.435038745996428
551.7950163550095
264.88783398663844
1.8741618941856695
17.83581951285478
2201.0513957578128
2.546184237991394
1871.3638834197538
2580.0341873058956
1109.0420802996682
990.1939321319339
1703.6919351497388
2494.8733185116394
550.2423099258344
113.09011541833101
0.9011900646677174
239.63464557117607
22.386996970752513
602.1644890446922
2196.23440679082
1976.6348555003722
1403.9462993968768
1403.9462993968768
197.41376254376308
3044.3389750849315
1713.3589817223663
75.16398349349218
66.29626500487203
118.73974234394666
129.38233786742362
6.784835489768255
327.14629590471094
26.322985060955766
477.699665773974
1325.9812570022864
2644.976825107716
1174.4661906607994
12.538731080764943
3384.130058279561
142.0062653715749
86.54274573375403
218.21635796161647
2097.2530094762515
853.8313518919044
