-0.6477439500991102
15.52424645989801
14.652979123920264
5.80514167473293
5.80514167473293
5.80514167473293
6.215933331618032
6.215933331618032
6.215933331618032
6.413713736818069
6.413713736818069
6.413713736818069
6.413713736818069
6.413713736818069
6.413713736818069
6.413713736818069
6.413713736818069
6.413713736818069
6.413713736818069
6.413713736818069
6.413713736818069
6.413713736818069
6.413713736818069
6.413713736818069
6.413713736818069
6.413713736818069
6.413713736818069
6.413713736818069
6.413713736818069
6.413713736818069
6.413713736818069
6.413713736818069
6.413713736818069
6.413713736818069
6.413713736818069
6.413713736818069
6.413713736818069
6.413713736818069
6.413713736818069
6.413713736818069
6.413713736818069
6.413713736818069
6.413713736818069
6.413713736818069
6.413713736818069
6.413713736818069
6.413713736818069
6.413713736818069
6.413713736818069
6.413713736818069
6.413713736818069
6.413713736818069
6.413713736818069
6.413713736818069
6.413713736818069
6.413713736818069
6.413713736818069
6.413713736818069
6.413713736818069
6.413713736818069
6.413713736818069
6.413713736818069
6.413713736818069
6.413713736818069
6.413713736818069
6.413713736818069
6.413713736818069
6.413713736818069
6.413713736818069
6.413713736818069
6.413713736818069
6.413713736818069
6.413713736818069
6.413713736818069
6.413713736818069
6.413713736818069
6.413713736818069
6.413713736818069
6.413713736818069
6.413713736818069
6.413713736818069
6.413713736818069
6.413713736818069
6.413713736818069
6.413713736818069
6.413713736818069
6.413713736818069
6.413713736818069
6.413713736818069
6.413713736818069
6.413713736818069
6.413713736818069
6.413713736818069
6.413713736818069
6.413713736818069
6.413713736818069
6.413713736818069
6.413713736818069
6.413713736818069
6.413713736818069
6.413713736818069
