0.5059815733665887
0.5059815733665887
0.9766295845462849
0.021412470078173602
0.021412470078173602
0.021412470078173602
0.03722779979023286
0.03722779979023286
0.03722779979023286
0.03722779979023286
0.03722779979023286
0.03722779979023286
0.002790653235533598
0.002790653235533598
0.011584946515382404
0.011584946515382404
0.011584946515382404
0.032834411994224114
0.032834411994224114
0.032834411994224114
0.032834411994224114
0.032834411994224114
0.032834411994224114
0.032834411994224114
0.032834411994224114
0.032834411994224114
0.032834411994224114
0.032834411994224114
0.032834411994224114
0.032834411994224114
0.032834411994224114
0.02679223519153397
0.02679223519153397
0.02679223519153397
0.02679223519153397
0.02679223519153397
0.02679223519153397
0.02679223519153397
0.02679223519153397
0.02679223519153397
0.02679223519153397
0.02679223519153397
0.02679223519153397
0.02679223519153397
0.02679223519153397
0.02679223519153397
0.028067496350238728
0.028067496350238728
0.028067496350238728
0.028067496350238728
0.028067496350238728
0.028067496350238728
0.028067496350238728
0.028067496350238728
0.028067496350238728
0.028067496350238728
0.028067496350238728
0.028067496350238728
0.028067496350238728
0.028067496350238728
0.028067496350238728
0.028067496350238728
0.028067496350238728
0.028067496350238728
0.028067496350238728
0.028067496350238728
0.028067496350238728
0.028067496350238728
0.028067496350238728
0.028067496350238728
0.028067496350238728
0.028067496350238728
0.028067496350238728
0.028067496350238728
0.028067496350238728
0.028067496350238728
0.028067496350238728
0.028067496350238728
0.028067496350238728
0.028067496350238728
0.028067496350238728
0.028067496350238728
0.028067496350238728
0.028067496350238728
0.028067496350238728
0.028067496350238728
0.028067496350238728
0.028067496350238728
0.028067496350238728
0.028067496350238728
0.028067496350238728
0.028067496350238728
0.028067496350238728
0.028067496350238728
0.028067496350238728
0.028067496350238728
0.028067496350238728
0.028067496350238728
0.028067496350238728
0.028067496350238728
0.028067496350238728
