Beale 2 500 -0.3256245685043344 -0.15273014065328386 298.09207325732075 18.82476987003239
Beale 2 1000 1.1018320974730682 -0.1778271063488392 292.18706805791817 3.741615741455271
Beale 2 1500 1.0098215182979908 -0.17268023411811306 272.5795198104312 4.305399166403982
Beale 2 2000 0.31147228620924905 -0.31676138956723066 188.86984619355405 10.374542903707939
Beale 2 2500 0.7848602359233978 -0.012116527289397954 205.16974171877456 6.030995071468544
Beale 2 3000 -0.40522871540295247 -0.13587356497796788 146.05670443015413 20.041745869395136
Beale 2 3500 -0.31699831663255706 0.17783404697807492 123.38365099680556 18.282780741852633
Beale 2 4000 -0.5750491346227471 0.1829918184547892 76.38298143432377 21.970439593853825
Beale 2 4500 0.6119759353605547 0.02273940820414895 55.30242857926635 7.549950294408719
Beale 2 5000 0.592951550467441 0.1545260449058543 20.971210209877427 7.928402281341214
Beale 2 5500 1.0034368393490263 -4.6687868425940055E-4 5.631812106718314 4.429497271374527
Beale 2 6000 1.1964147987386486 0.04656364310933604 4.4138149732350485 3.2858080133038605
Beale 2 6500 1.1747966814781852 -0.1571487498416059 3.7739688697903944 3.3289434769632855
Beale 2 7000 2.0575641883310163 0.05892290529707081 -0.32497486543945797 0.5526740856707154
Beale 2 7500 1.7476749206603062 0.10618764965198665 0.17260812090495392 1.0497479492255049
Beale 2 8000 2.080213505002754 -0.010264296088263581 -0.4050494444151127 0.6875727670636399
Beale 2 8500 1.924503106846731 -0.05345041559966743 -0.8597229854497073 0.8779596495887343
Beale 2 9000 2.120063670862306 0.027189491520621258 -1.4562830824847879 0.5886134377037826
Beale 2 9500 2.2568032635543194 -0.0020543121264570007 -2.000932969116093 0.7154050008449685 
Beale 2 10000 2.3697353575161095 -0.02097985217018811 -1.6091528163592557 0.9246288118141825 
Beale 2 10500 2.44435390769294 0.052255557179030826 -3.5674279223443364 0.7348554975094903 
Beale 2 11000 2.567750671928941 0.056620525144409156 -3.675923308706274 0.9498869548873997 
Beale 2 11500 2.5885131086742312 0.04480006678266894 -3.852595000847373 1.058297851113904 
Beale 2 12000 2.6791096010339857 0.040683190181550755 -5.2611897309677715 1.3284033568963396 
Beale 2 12500 2.5202676962172212 0.07318460033631605 -2.9074144581320525 0.7757071094477875 
Beale 2 13000 2.6319836550487645 -2.7506992189467927E-4 -3.214530584019826 1.4289867174748923 
Beale 2 13500 2.7695939324569414 0.06587674447997482 -6.501499807819982 1.4601889762101352 
Beale 2 14000 2.683674461294642 0.03347311223346335 -4.482243161676706 1.3853990783644747 
Beale 2 14500 2.720483514888902 0.03696052533795735 -5.113400344447996 1.481212387534057 
Beale 2 15000 2.8264440172466267 0.08995733605209695 -6.511168223200684 1.4957763015449286 
Beale 2 15500 2.754539662681486 0.04559978332602762 -5.1731809544832 1.5400166602439536 
Beale 2 16000 2.822451913030603 0.012928938070265421 -7.603296919483114 2.019840788780242 
Beale 2 16500 2.877531732629744 0.05681076373722766 -8.086436408081113 1.919666766404179 
Beale 2 17000 2.889112614062144 0.11693302245971249 -7.591984861687365 1.5320570370260407 
Beale 2 17500 2.8688443044656458 0.07220755587079852 -7.093300570425072 1.7731416543565655 
Beale 2 18000 2.9539235224113165 0.07652625675220362 -9.963810097144915 2.0864415729030985 
Beale 2 18500 2.9533126506565175 0.0823923088865934 -7.969244777019412 2.037614539534406 
Beale 2 18500 2.8672268726470564 0.014053996785831212 -7.520993040240683 2.1996857875944245 
Beale 2 19000 2.93534909074356 0.04146480160093059 -8.356467582625214 2.2846358974476417 
Beale 2 19500 2.97249096431877 0.08069929797840938 -9.079222993589383 2.133397601700834 
Beale 2 20000 2.9453360090673284 0.103397945786737 -8.541833526663254 1.8426443401880712 
Beale 2 20500 3.018139577374472 0.10643950455173698 -9.71809619201349 2.122933327792876 
Beale 2 21000 3.0077087720599796 0.07871791061030949 -8.378429770606658 2.306881250381016 
Beale 2 21500 3.0258399276801597 0.09945071765508944 -9.004867671974807 2.215105789442589 
Beale 2 22000 3.0584975968930594 0.0698468838864774 -10.444078280084 2.625459451529644 
Beale 2 22500 3.0267256391746242 0.18397297863872938 -10.29594067434914 1.5419401642187072 
Beale 2 23000 3.0455583197962874 0.0935961126645142 -9.322421432617375 2.3548244673026586 
Beale 2 23500 3.0591313951413612 0.0786896147045944 -8.359592870195684 2.5497805515973133 
Beale 2 24000 3.0871014004480175 0.1670637559046445 -10.233196808392563 1.9121608863455355 
Beale 2 24500 3.087767097463739 0.11266464922320917 -9.494929671147133 2.3851194467280687 
Beale 2 25000 3.1018344253122727 0.05531153870540469 -8.108709884869768 2.9820797365976497 
Beale 2 25500 3.072316270711032 0.17766910965120442 -8.988602873234186 1.7647051963834945 
Beale 2 26000 3.123337523226409 0.17166212602916414 -11.068795440466829 2.0252293485101696 
Beale 2 26500 3.1012354320410704 0.1688473830172808 -10.575992796328478 1.955921480239728 
Beale 2 27000 3.0808246759323996 0.11081359822887377 -9.466493501722425 2.3689903979582723 
Beale 2 27500 3.1864608105751158 0.11043283213473808 -11.01254401316396 2.897204103773277 
Beale 2 28000 3.157061006742593 0.09024577897640779 -9.612251081404565 2.940195543895351 
Beale 2 28500 3.171195156487327 0.10789434939853526 -9.179075459883734 2.8422929941978885 
Beale 2 29000 3.140748142856004 0.2064067683154326 -11.015335005916768 1.7962386819569311 
Beale 2 29500 3.1810311970168934 0.2305972551490083 -9.288133535389761 1.745520759954564 
Beale 2 30000 3.1763610606377366 0.22153618427563262 -9.353241983968928 1.806844512122721 
Beale 2 30500 3.1989616267788454 0.19294792258152293 -11.612486942593478 2.162399347925145 
Beale 2 31000 3.187927809393197 0.16022864663008995 -10.258253679191512 2.420810385803004 
Beale 2 31500 3.216062544135829 0.25010818039509464 -11.236350542183118 1.708650132674421 
Beale 2 32000 3.2299826282432473 0.15769037390593932 -9.023993684255402 2.6502123669796838 
Beale 2 32500 3.1654949162238024 0.37396586429049533 -10.258881994843705 0.5961626555756061 
Beale 2 33000 3.166113364851859 0.2910895346109585 -10.149361086443378 1.1883505288266063 
Beale 2 33500 3.2149512853887905 0.24871090582349353 -9.331367688263526 1.7168944127005854 
Beale 2 34000 3.216262730767539 0.18281263398392633 -9.225919008903475 2.337269757010497 
Beale 2 34500 3.2501281684733088 0.28582376109636143 -11.829874824908757 1.5156205390742858 
Beale 2 35000 3.2526813687687 0.2875872137548786 -10.369710697882965 1.5090100336620833 
Beale 2 35500 3.200257348095743 0.3406120685913999 -10.756065505922834 0.9089849153726441 
Beale 2 36000 3.25978252054532 0.3262260205472538 -10.93964233013844 1.1963790728851895 
Beale 2 36500 3.224598316546595 0.33005137076675134 -10.322377465864747 1.0584854957418246 
Beale 2 37000 3.223968526603861 0.3734971445193256 -10.9789794875785 0.7307826586196754 
Beale 2 37500 3.299845261586338 0.24270432249764884 -10.789851154021562 2.123709307826156 
Beale 2 38000 3.231526375075168 0.34205763645955534 -8.30692827409598 0.9839123590790666 
Beale 2 38500 -0.21573170498408065 1.9593041076498348 -15.101810905390266 5.83736360203837 
Beale 2 39000 3.2041162987566096 0.38812784398948774 -9.665954220740332 0.5878106694106746 
Beale 2 39500 3.264339837970695 0.39518344592000776 -12.377314332733476 0.6712922290282708 
Beale 2 40000 -0.23548826017464597 1.9547884373297029 -13.105033479637768 5.353539000896145 
Beale 2 40500 3.262209425333259 0.38057895872593134 -11.029793827284493 0.7715976289773829 
Beale 2 41000 3.2535978741899756 0.42315799807083976 -11.231260861808778 0.46520321377438756 
Beale 2 41500 3.240500159791877 0.4550467276284801 -11.264110644892526 0.2689938440119213 
Beale 2 42000 3.196551650472146 0.4453623187218665 -9.86623325892242 0.2557851958523517 
Beale 2 42500 -0.2346661240456311 1.9550889999563954 -11.315679421764571 5.371802883364968 
Beale 2 43000 3.274154840002487 0.425929800547453 -11.17139870556548 0.48608048392230657 
Beale 2 43500 -0.2242993232200296 1.9838715820373904 -13.756985812749235 5.375103150648141 
Beale 2 44000 3.275598660811016 0.47627317337805186 -12.932973847391168 0.21433725149530453 
Beale 2 44500 -0.2202026118092877 2.001691131164974 -15.823036918428215 5.32283773591872 
Beale 2 1000 6.61569516668983 -0.010815449011849693 -1.0 61.88578289335208 
Beale 2 10000 0.9076018569680147 -0.2074849313507962 -1.0 4.993421233876642 
Beale 2 10000 2.4498768490703244 0.2117708277295714 -1.0 0.23327656929213306 
Beale 2 10000 2.894990072930182 0.260769355384333 -1.0 0.658313028071179 
Beale 2 4 3.7077513759159304 -0.19372315128057205 915.4501680713893 11.531811785526916 
Beale 2 4 3.707751625341176 -0.19372312739628958 915.4501680691926 11.531814268766116 
Beale 2 4 -3.122167689481964 1.3661250831575353 915.4492082073299 5.231958753753491 
Beale 2 4 3.707751384157529 -0.19372300026989017 915.450168068298 11.531809038014266 
Beale 2 4 -3.122167729728244 1.3661251948307873 915.4492082064461 5.231968308986347 
Beale 2 4 -3.1221676890907366 1.3661250119505746 915.4492082064461 5.231952847629691 
Beale 2 4 -3.12216758479948 1.3661250343232951 915.4492082064461 5.231953932157618 
Beale 2 4 3.707751508181137 -0.1937229488310862 915.4501680674142 11.531809527573962 
Beale 2 4 3.7077515278066886 -0.19372296113219156 915.4501680670304 11.531809990064104 
Beale 2 4 -3.1221675770747046 1.3661251176249616 915.4492082058995 5.231960781024455 
Beale 2 4 3.7077513782198097 -0.1937230187809909 915.4501680668676 11.531809316863693 
Beale 2 4 3.707751595264779 -0.19372329578556438 915.450168066728 11.531817086855149 
Beale 2 4 -3.1221674534303254 1.3661249594728253 915.4492082057599 5.231946756667205 
Beale 2 4 -3.1221674824232393 1.3661248918107174 915.4492082057599 5.231941361440777 
Beale 2 4 -3.1221675041038246 1.3661249469027448 915.4492082057599 5.231946088817844 
Beale 2 4 3.707751280493385 -0.19372316445654383 915.450168066728 11.531810911585165 
Beale 2 4 3.707751570954142 -0.19372328568540437 915.450168066728 11.531816610727347 
Beale 2 4 3.7077515727807766 -0.19372309072817395 915.450168066728 11.531812960001778 
Beale 2 4 -3.1221674669355624 1.3661248651627695 915.4492082057599 5.2319390378826744 
Beale 2 4 3.707751627690914 -0.19372333740388697 915.450168066728 11.531818252092247 
Beale 2 4 -3.1221676865019945 1.3661248507934407 915.4492082057599 5.231939468199871 
Beale 2 4 3.7077517319449913 -0.1937228356521351 915.450168066728 11.531810027097023 
Beale 2 4 -3.1221675798786324 1.3661248724068626 915.4492082057599 5.231940472555242 
Beale 2 4 -3.1221676293712664 1.36612511384393 915.4492082057599 5.231960853795355 
Beale 2 4 -3.1221675339693498 1.366124968334542 915.4492082057599 5.2319480861318 
Beale 2 4 -3.1221677715607177 1.3661248511780713 915.4492082057599 5.2319401282723135 
Beale 2 4 3.7077514343636513 -0.19372297276152087 915.450168066728 11.53180911026803 
Beale 2 4 3.7077517964805207 -0.19372293810213342 915.4501680666582 11.531812715747403 
Beale 2 4 3.7077514480352964 -0.1937229415075052 915.4501680666582 11.531808682340976 
Beale 2 4 -3.1221677845464226 1.3661248596063011 915.4492082056262 5.231940922895758 
Beale 2 4 -3.1221677987684817 1.3661251112159505 915.4492082056262 5.231961886985682 
Beale 2 4 3.707751721676285 -0.19372297021010304 915.4501680665943 11.531812440869372 
Beale 2 4 -3.122167593370854 1.3661251270695716 915.4492082056262 5.231961684359347 
Beale 2 4 3.707751760557355 -0.19372330255524178 915.4501680665943 11.531819158131253 
Beale 2 4 -3.122167680733432 1.3661248562999002 915.4492082056262 5.231939882095462 
Beale 2 4 3.7077516545589275 -0.19372280680101273 915.4501680665943 11.531808573635553 
Beale 2 4 -3.122167651762421 1.3661248963380463 915.4492082055941 5.23194298739112 
Beale 2 4 3.7077514457540266 -0.19372334012373368 915.4501680665622 11.531816163831278 
Beale 2 4 -3.1221676923272224 1.3661248158553438 915.4492082055941 5.231936614772443 
Beale 2 4 -3.122167816341214 1.366125054840069 915.4492082055941 5.231957343062828 
Beale 2 4 -3.1221675274962486 1.3661252041438097 915.4492082055941 5.231967587506042 
Beale 2 4 3.7077518743798157 -0.19372305632848952 915.4501680665622 11.531815858712553 
Beale 2 4 3.707751443631789 -0.19372302158752444 915.4501680665622 11.53181013894111 
Beale 2 4 3.7077518456007574 -0.19372304176594496 915.4501680665622 11.531815245984994 
Beale 2 4 -3.122167579336846 1.3661249800907058 915.4492082055941 5.231949395800013 
Beale 2 4 3.7077518292545735 -0.19372309219047062 915.4501680665622 11.531816003555807 
Beale 2 4 3.7077515884224015 -0.19372298413812414 915.4501680665622 11.53181113621464 
Beale 2 4 -3.1221676737666813 1.3661248793856104 915.4492082055941 5.231941744502935 
Beale 2 4 -3.122167797812873 1.3661250111331205 915.4492082055941 5.231953582809949 
Beale 2 4 3.7077513674431763 -0.19372320841469964 915.4501680665622 11.531812762067153 
Beale 2 4 3.7077513991707334 -0.19372330041698393 915.4501680665622 11.531814868119135 
Beale 2 4 -3.12216764976925 1.366124863748717 915.4492082055941 5.2319402709393374 
Beale 2 4 3.707751337617909 -0.193723147051004 915.4501680665622 11.531811255492457 
Beale 2 4 3.7077516515390148 -0.19372307817962708 915.4501680665622 11.531813649797408 
Beale 2 4 3.7077516389692917 -0.19372293474977023 915.4501680665622 11.531810800345333 
Beale 2 4 -3.122167508503412 1.3661250528320972 915.4492082055941 5.2319549031110535 
Beale 2 4 -3.1221674842481395 1.366125160667024 915.4492082055941 5.231963663765363 
Beale 2 4 -3.12216750128518 1.3661249395945774 915.4492082055941 5.231945462136767 
Beale 2 4 3.7077517071255257 -0.1937230468694242 915.4501680665622 11.531813713710825 
Beale 2 4 -3.1221677342554255 1.3661249190393523 915.4492082055941 5.231945478620581 
Beale 2 4 -3.1221676230188273 1.366124990733435 915.4492082055941 5.231950600713929 
Beale 2 4 3.7077515090203255 -0.19372303732470447 915.4501680665622 11.53181120430392 
Beale 2 4 -3.1221675922515244 1.366125036492178 915.4492082055941 5.231954166999207 
Beale 2 4 -3.12216778115057 1.3661248462773097 915.4492082055941 5.231939792811911 
Beale 2 4 3.707751549174724 -0.1937232749282639 915.4501680665622 11.531816151990633 
Beale 2 4 3.7077516117780407 -0.19372324586577666 915.4501680665622 11.531816340756242 
Beale 2 4 -3.122167586518637 1.3661251062243565 915.4492082055941 5.231959905632019 
Beale 2 4 -3.122167527919623 1.3661248967965864 915.4492082055941 5.231942110786333 
Beale 2 4 -3.122167712359394 1.3661248470177934 915.4492082055941 5.231939346155062 
Beale 2 4 -3.122167562487963 1.366125094439694 915.4492082055941 5.23195875117901 
Beale 2 4 -3.122167609110477 1.366124849219053 915.4492082055941 5.231938766118602 
Beale 2 4 -3.122167714107076 1.3661248338819756 915.4492082055941 5.231938270072631 
Beale 2 4 -3.1221674348386506 1.3661249375767062 915.4492082055941 5.231944804121277 
Beale 2 4 3.7077515493668765 -0.19372278872759302 915.4501680665622 11.531806996197338 
Beale 2 4 -3.1221675722524473 1.3661248081731268 915.4492082054327 5.231935091109354 
Beale 2 4 -3.122167577775649 1.3661249680884562 915.4492082054327 5.2319483892545735 
Beale 2 4 -3.1221676633466524 1.3661248053052235 915.4492082054327 5.231935526112845 
Beale 2 4 3.7077516502398713 -0.1937231324710086 915.4501680664008 11.531814657150154 
Beale 2 4 -3.1221675105053732 1.3661250368331723 915.4492082054327 5.231953591545801 
Beale 2 4 3.707751591589086 -0.19372297201149644 915.4501680664008 11.531810945036767 
Beale 2 4 -3.122167618876313 1.3661251744245222 915.4492082054327 5.2319657985733645 
Beale 2 4 3.70775158831811 -0.1937233058316057 915.4501680664008 11.53181719439243 
Beale 2 4 3.7077515747152203 -0.19372309117644473 915.4501680664008 11.531812991193526 
Beale 2 4 -3.122167595129607 1.3661248379911495 915.4492082054327 5.231937732046435 
Beale 2 4 -3.122167783342224 1.3661249877378427 915.4492082054327 5.231951536413366 
Beale 2 4 3.707751701567368 -0.1937231957464328 915.4501680664008 11.531816452590412 
Beale 2 4 -3.1221678125988 1.3661250685072772 915.4492082054327 5.231958448469789 
Beale 2 4 -3.122167645530256 1.366124835662341 915.4492082054327 5.231937911207553 
Beale 2 4 -3.1221677160484127 1.3661248536021877 915.4492082054327 5.231939919261187 
Beale 2 4 3.7077516760337628 -0.19372335646857158 915.4501680664008 11.531819179683025 
Beale 2 4 3.7077514637360016 -0.19372289531048908 915.4501680664008 11.531807996809114 
Beale 2 4 3.708423636600629 -0.19497189172571194 915.4501690842491 11.563267252835729 
Beale 2 4 -3.1221674590413686 1.3661250609283413 915.4492082145066 5.231955209015952 
Beale 2 4 -3.122167430423338 1.3661250999117978 915.4492082145066 5.231958229488003 
Beale 2 4 3.7077518680819352 -0.19372305945149482 915.4501680754747 11.531815843477254 
Beale 2 4 -3.1221674306447422 1.366125105840315 915.4492082145066 5.231958722612136 
Beale 2 4 -3.1221677534258703 1.366125175899525 915.4492082145066 5.231966914550375 
Beale 2 4 3.7077517388596886 -0.19372311712827578 915.4501680754747 11.531815410282181 
Beale 2 4 -3.1221676366130087 1.3661251536546488 915.4492082145066 5.231964207688736 
Beale 2 4 3.707751532033593 -0.19372309275952737 915.4501680754747 11.531812519096734 
Beale 2 4 0.7895625717737494 1.6580779850495144 5725.7643800126225 46.798668919159724 
Beale 2 4 0.7895644191194675 1.6580778709961037 5725.7643800126225 46.79875814194764 
Beale 2 4 3.9369224245735044 -1.1292390360895213 5725.764379893512 107.21692601886923 
Beale 2 4 3.936922668739471 -1.1292389250315353 5725.764379893512 107.21690598619345 
Beale 2 4 0.7895636813585085 1.6580782440447033 5725.7643800126225 46.798752962266505 
Beale 2 4 3.9369215522695704 -1.1292382977112512 5725.764379893512 107.2166300848703 
Beale 2 4 3.9369223232501596 -1.1292386211648673 5725.764379893512 107.21678507949656 
Beale 2 4 0.7895638483028243 1.6580783657481408 5725.7643800126225 46.79877330032124 
Beale 2 4 0.7895637959129361 1.658077855480586 5725.7643800126225 46.798723022003074 
Beale 2 4 3.936921284762079 -1.1292385591474212 5725.764379893512 107.21669728023758 
Beale 2 4 0.7895640008665625 1.6580781585212443 5725.7643800126225 46.79876227566129 
Beale 2 4 0.7895629180441534 1.6580784133582074 5725.7643800126225 46.79872745736548 
Beale 2 4 -3.334045104513624 0.852022455715284 2133.96693233096 29.168259666178244 
Beale 2 4 -3.3340451127630177 0.8520219891094367 2133.9669323120806 29.168309091064756 
Beale 2 4 -3.3340450147765495 0.8520223992590225 2133.9669323045036 29.168265165624256 
Beale 2 4 -3.33404458133166 0.8520222121727064 2133.966932299551 29.168282669037573 
Beale 2 4 -0.7435305958919846 -1.1606057418107825 2133.9722595382877 34.147491550113635 
Beale 2 4 -3.334045337422598 0.8520219938085822 2133.9669322995856 29.16830978382155 
Beale 2 4 -0.7435305819120408 -1.1606046285765403 2133.972259535863 34.147463258505475 
Beale 2 4 -3.3340444427160962 0.8520211955060281 2133.966932292311 29.168389529211822 
Beale 2 4 -3.33404477827148 0.8520223645995173 2133.966932292311 29.168267580846297 
Beale 2 4 -3.3340447149348114 0.8520215513530416 2133.966932292311 29.168353311711336 
Beale 2 4 -3.3340449861251935 0.8520219768693064 2133.966932292311 29.168309715617447 
Beale 2 4 -3.3340457362243825 0.8520217548178759 2133.966932292311 29.16833718890389 
Beale 2 4 -3.334045164507697 0.8520218331575633 2133.966932292311 29.1683258696527 
Beale 2 4 -0.7435303454210147 -1.1606046607486342 2133.9722595310477 34.14745572087312 
Beale 2 4 -3.334044517171829 0.8520214304403794 2133.96693229684 29.168365060375546 
Beale 2 4 2.9759754472309936 -0.9070621713717218 953.9497297972076 27.015718083188546 
Beale 2 4 2.975975190812706 -0.9070621149329963 953.9497297724806 27.015707268040956 
Beale 2 4 -4.3686841905703835 0.025257728803310467 953.9497949111005 125.83922218391072 
Beale 2 4 2.9759754652818793 -0.907062182566486 953.9497297600298 27.01571943119191 
Beale 2 4 -4.3686843053553 0.025257712168105337 953.949794904977 125.83922748328568 
Beale 2 4 -4.368684201571187 0.025257660094712312 953.949794904977 125.83922627232693 
Beale 2 23 0.07067313285259542 0.4451191873882674 675.3155288830199 13.501052059117054 
Beale 2 23 0.08766279769317889 0.4295324450920646 651.9750107430438 13.32176652855414 
Beale 2 23 0.08322309002689263 0.4141006251874334 116.30212141915062 13.353773450643647 
Beale 2 23 0.07395357558311144 0.4103821939460772 96.64577446692812 13.444567753339147 
Beale 2 23 0.09233501572686646 0.4291299442166164 75.77545860637805 13.27523449181679 
Beale 2 23 0.11044139578544354 0.4668226186639627 35.112478969722446 13.137727129912179 
Beale 2 23 0.18336908105460473 0.4942503730821871 25.38655101709788 12.508663773976568 
Beale 2 23 0.2602764329146372 0.5060674546918765 13.386738703142278 11.862150981134977 
Beale 2 23 0.30565207258882277 0.5261669015876138 13.198614347756344 11.54109520663349 
Beale 2 23 0.36654668007010693 0.5472311019859486 13.057172213960488 11.128126608406571 
Beale 2 23 0.45615930235833 0.5689451842957471 12.82322258802693 10.543525462808432 
Beale 2 23 0.5804884340711721 0.6051647994863334 12.455633603142523 9.879879623718836 
Beale 2 23 0.7426247719744441 0.6359636256914931 11.94684980900982 9.078888945108844 
Beale 2 23 0.9290899597937224 0.6439455619396115 11.15080078988452 8.057163136828873 
Beale 2 23 1.1477894522695493 0.6500592653552436 9.769553263924053 6.938771986840622 
Beale 2 23 1.321921353209278 0.6514496209571305 8.610412770927256 6.081444404727174 
Beale 2 23 1.4622368806271897 0.6414068789620937 7.428932517637189 5.280341298947841 
Beale 2 23 1.6166902932006173 0.6162408002098355 6.596221832003075 4.252087095138292 
Beale 2 23 1.7609719655362905 0.6061250791276412 5.82267161012591 3.5186975323069083 
Beale 2 23 1.8794630641539904 0.5923455165981097 5.193796331575278 2.8902460243203 
Beale 2 23 1.977588733728977 0.5654183098431034 4.655479710235967 2.238511497524591 
Beale 2 23 2.061044352510766 0.540227576602393 4.217034167915402 1.720119380947105 
Beale 2 23 2.161778471401326 0.5145814070603317 3.590544064730037 1.2137573912597674 
Beale 2 23 2.249865039250846 0.49301748243085547 2.95910810010417 0.8440503143825077 
Beale 2 23 2.3330141126027293 0.46971258786082737 2.4501191676320335 0.5403638082662547 
Beale 2 23 2.4127290637795227 0.44806811090600485 1.9451971484735981 0.3161127093403948 
Beale 2 23 2.4950337899680832 0.43378780040700216 1.4415590874728563 0.16930823600677763 
Beale 2 23 2.56432505456331 0.4193802939565352 1.0557788992096873 0.0812173710301299 
Beale 2 23 2.666536840963715 0.393192693024925 0.5176025167385632 0.028493629081104022 
Beale 2 23 2.732003405272805 0.3875462110861906 0.11392147525457297 0.03785067575782795 
Beale 2 23 2.7275815018498086 0.3976321775682641 0.11576597848613446 0.027344113911808673 
Beale 2 23 2.7360860481529086 0.4027925066253122 0.11194828245809241 0.024323534636619983 
Beale 2 23 2.733588920844226 0.4085969464786843 0.11297607177414193 0.020414493797664465 
Beale 2 23 2.7489502732649407 0.4105848040148771 0.059446106588301184 0.020126780183565417 
Beale 2 23 2.7879102199851187 0.4181331444324077 0.013090140170679998 0.01915243783013605 
Beale 2 23 2.8210525693491344 0.4129337518912666 -0.03513994247604435 0.03249194967176389 
Beale 2 23 2.8680053742351777 0.3908903525046398 -0.07509209699974706 0.09844029435568069 
Beale 2 23 2.8888691991773117 0.3750857204988407 -0.0036222490522308526 0.15964686896556615 
Beale 2 23 2.9102886159035877 0.36298046811789764 0.017837095225680777 0.22324229770511858 
Beale 2 23 2.952172280440023 0.30829806418943856 0.006915441989716387 0.529434312172783 
Beale 2 23 2.961924640511004 0.32393589162643555 0.02473741457648715 0.469162186077 
Beale 2 23 2.9992737200946635 0.3472139224242625 0.01665212386052506 0.4218252597556204 
Beale 2 23 2.978670093894998 0.3660852137146332 0.05769876845598221 0.3023386838340533 
Beale 2 23 2.953715404993904 0.4081529365141213 0.08794921154570412 0.12273067632408177 
Beale 2 23 2.91206997397277 0.4576774534743454 0.11846243184998417 0.009060398583602598 
Beale 2 23 2.9229273781712832 0.6858081119746101 0.0948106024251889 1.2467362725619333 
Beale 2 23 2.7971252927205166 0.21228106922607043 0.12257564474749105 0.6931374218703916 
Beale 2 23 2.9255381795454016 0.9565225894641253 0.0291900424183143 10.995696810241945 
Beale 2 23 2.54288531489405 0.3221611093657061 0.12024188440727956 0.07880133504775091 
Beale 2 23 2.7476238508515967 1.1140301014935075 -0.035338995637456794 25.28426161619884 
Beale 2 23 2.697697380202179 0.05131869373979189 0.07358599331190518 1.3213752726176098 
Beale 2 23 2.7560573510811825 1.1151800200408273 -0.08936696289899804 25.463129322927536 
Beale 2 23 2.692475500782219 0.0512059732046255 0.07361351070251176 1.3062821274568694 
Beale 2 23 2.7595651437637922 1.1152197585428507 -0.0870589725987223 25.484462378771696 
Beale 2 23 2.7085010388572393 0.05418143855085998 0.07401113092974587 1.3372101078008387 
Beale 2 23 2.7488599069454436 1.1151962585325643 -0.0858704404013898 25.431298045161846 
Beale 2 23 2.6969723777028687 0.051383924340341516 0.07354173590517621 1.3187891224201145 
Beale 2 23 2.756549164424267 1.1151955306654036 -0.08699625877830452 25.467330372094118 
Beale 2 23 2.692169873939182 0.05119818035717494 0.07361735475576592 1.3054104364787547 
Beale 2 23 2.759770003517091 1.1152206457672413 -0.08942774113702112 25.48553393471076 
Beale 2 23 2.7085378344525237 0.05420389781330863 0.07401694775731149 1.33718797757111 
Beale 2 23 2.748835666452479 1.1151970835005562 -0.0858628292421485 25.431284406661106 
Beale 2 23 2.6969876008894733 0.051384715726530854 0.07354144459343437 1.3188305144339163 
Beale 2 23 2.7565389554238378 1.115195396718745 -0.08699598277797471 25.467266072063524 
Beale 2 23 2.6921762264911004 0.05119834351373132 0.07361727140719121 1.3054285427451982 
Beale 2 23 2.7597657388370753 1.1152206383824508 -0.08942769758639918 25.48551298029033 
Beale 2 23 2.7085374052140736 0.05420348894808187 0.07401683119853497 1.3371891198751205 
Beale 2 23 2.748835939966359 1.1151970480449163 -0.08586296676298372 25.4312813849819 
Beale 2 23 2.6969874188473213 0.05138471513144877 0.07354145794158373 1.3188299666326755 
Beale 2 23 2.7565390689115388 1.1151954127658548 -0.0869959892822425 25.46726856117065 
Beale 2 23 2.6921761719814756 0.05119835609383766 0.07361725759455229 1.305428304621353 
Beale 2 23 2.7597657717593327 1.1152206275837178 -0.08706198798653497 25.485511816886003 
Beale 2 23 2.708537397599689 0.054203512826736966 0.07401683675652737 1.3371889527258747 
Beale 2 23 2.7488359501643416 1.1151970583005264 -0.08586295251892961 25.431282678412288 
Beale 2 23 2.6969874185179856 0.051384725331878524 0.07354145145446722 1.3188299048825332 
Beale 2 23 2.756539083494392 1.1151954243558224 -0.08699598314203527 25.467270042268467 
Beale 2 23 2.6921761511582636 0.051198350601574606 0.07361725007571673 1.3054282746164192 
Beale 2 23 2.7597657867870033 1.115220648391412 -0.08706199209409049 25.485514427555817 
Beale 2 23 2.708537385505992 0.05420349620259068 0.0740168237605987 1.3371890156389608 
Beale 2 23 2.748835950204579 1.1151970562533915 -0.0858629628344802 25.431282429977173 
Beale 2 23 2.6969874103190863 0.05138471300999481 0.07354145268832957 1.318829953438634 
Beale 2 23 2.7565390967596617 1.1151954069660843 -0.0869959908494744 25.467267985168107 
Beale 2 23 2.692176139715586 0.05119834465197666 0.07361726007540381 1.3054282754818471 
Beale 2 23 2.759765795031948 1.1152206233763662 -0.0870619961181438 25.48551141272213 
Beale 2 23 2.708537383827151 0.05420350052973709 0.07401683861762354 1.3371889844303129 
Beale 2 23 2.7488359554053243 1.1151970439175427 -0.08586296026011597 25.43128095621352 
Beale 2 23 2.696987404013195 0.051384723343168445 0.07354145997767736 1.3188298727968766 
Beale 2 23 2.7565390902110645 1.115195411198553 -0.0869959848309746 25.467268470241986 
Beale 2 23 2.692176150091303 0.05119835883568333 0.0736172577626627 1.305428222669871 
Beale 2 23 2.759765803239473 1.1152206358067747 -0.08706198717206404 25.485512968702405 
Beale 2 23 2.7085373804104558 0.054203479038240056 0.0740168308763588 1.337189103309777 
Beale 2 23 2.7488359657850827 1.1151970489111585 -0.08586297331572262 25.431281611429508 
Beale 2 23 2.696987391842421 0.051384712591604084 0.07354145665979983 1.3188298999708274 
Beale 2 23 2.756539091674106 1.115195417669856 -0.08699599172552297 25.467269265830673 
Beale 2 23 2.692176148201712 0.05119834528877758 0.07361725380807127 1.3054282971900089 
Beale 2 23 2.759765789294571 1.1152206302803291 -0.08706199540942527 25.485512228515447 
Beale 2 23 2.708537387884052 0.05420350567182689 0.0740168346180744 1.3371889659419114 
Beale 2 23 2.748835958581016 1.115197068682253 -0.08586295706211566 25.431283978794667 
Beale 2 23 2.696987407413064 0.051384704119922936 0.07354144494364168 1.3188299975855948 
Beale 2 23 2.7565390913524963 1.1151954278346627 -0.08699599630869592 25.46727050319199 
Beale 2 23 -2.0738505478653266 -0.07462816154913003 148.50118023796043 54.585827118607554 
Beale 2 23 -2.0748958960112467 -0.07512982216907034 142.65582086061053 54.6195884717437 
Beale 2 23 -1.972058276005093 0.0052243405388744165 122.13252213106689 50.94201543364901 
Beale 2 23 -1.9010528946292309 0.060441162611078174 83.94856123567313 48.45377593966725 
Beale 2 23 -1.9013909856018878 0.06071487554690038 67.2758044270029 48.45772038809566 
Beale 2 23 -1.8702987124401491 0.11795310064300504 59.873369044077116 46.86378682460027 
Beale 2 23 -1.8040927328247571 0.211376221160435 54.211969840201085 43.79728533396893 
Beale 2 23 -1.7185712938720075 0.3007650744839043 53.74320839871929 40.301520051899985 
Beale 2 23 -1.6177304702947783 0.41061337781300566 50.18032949982873 36.00631993897426 
Beale 2 23 -1.5210795275204179 0.5542040158238264 47.612333842295754 30.769814102214077 
Beale 2 23 -1.3988765340824354 0.7196258949527033 46.77817915884113 24.400816836682345 
Beale 2 23 -1.2714869146214833 0.9279150578459787 44.52706607729003 16.72022912440803 
Beale 2 23 -1.1100293383605413 1.1145236740349094 40.66375364912921 10.642353867486626 
Beale 2 23 -0.9736164100626841 1.2841699038908452 36.315163969960345 6.47623723823359 
Beale 2 23 -0.8929928698907202 1.4449459230521429 34.09526206965546 3.5294516683271677 
Beale 2 23 -0.8848127232955243 1.5315599251553436 30.65715711382326 2.2920132770606814 
Beale 2 23 -0.8532376892349745 1.596082398917677 28.94750687222104 1.8471714705404467 
Beale 2 23 -0.7760786728189755 1.6617922136962686 25.85884575568408 1.7782275364175575 
Beale 2 23 -0.7153417167314975 1.719051600033183 22.539469427416993 1.782579120175617 
Beale 2 23 -0.6651399559177047 1.8033835402457954 16.72734675273989 1.8710904435473084 
Beale 2 23 -0.6126847239048419 1.8892543341284034 10.219495517270547 2.168020402108422 
Beale 2 23 -0.5593549538995439 1.9801014790913887 5.501141618104818 2.6271536696797795 
Beale 2 23 -0.5371300512367894 2.0217795906647424 3.817538874150406 2.8849572111822424 
Beale 2 23 -0.5379449953956743 2.0250639032904187 2.9845996114005677 2.939972888092273 
Beale 2 23 -0.5281959129913836 2.0499253813398823 2.981295217684109 3.1568919020528687 
Beale 2 23 -0.5211462171331962 2.0681288051837345 3.0312518368756294 3.3264043352880526 
Beale 2 23 -0.5198687741832956 2.063924900055353 3.0331658111265396 3.237793762327958 
Beale 2 23 -0.5430995074840452 2.0261972098859182 3.0543324090714687 3.027694367779489 
Beale 2 23 -0.5192260221526677 2.0149632506686785 3.0391279725266953 2.6015701288561415 
Beale 2 23 -0.5516849063540257 1.9864851413772455 2.9523893095763927 2.621443437333644 
Beale 2 23 -0.5651909465127578 1.9621100474361586 2.8302507258766822 2.487697318498969 
Beale 2 23 3.867551725668984 0.4439117794025414 3.781623560258003 1.9727926989383398 
Beale 2 23 3.8697930373710867 0.4451849038277376 2.112659294679231 1.9620252901753874 
Beale 2 23 3.8746612181566147 0.4480107521231832 2.0729517914571205 1.9376181956987322 
Beale 2 23 3.8817052489834527 0.4520422213158895 2.0376281049156972 1.902908186762704 
Beale 2 23 3.8818310696545577 0.4519701098206923 2.002854988754328 1.9044516002823428 
Beale 2 23 -1.1493352008932014 0.9784908922632091 1.964859285294092 14.886701308675274 
Beale 2 23 -1.1493351836912604 0.9784908809262843 1.9648592852940918 14.886701657216662 
Beale 2 23 3.8819030850009737 0.4519312744996831 2.0033573991999654 1.9052985815992634 
Beale 2 23 -1.152590287333553 0.9566920962319002 1.6182773332717637 15.577599641234094 
Beale 2 23 -1.152590273213185 0.9566921060091033 1.618277333271764 15.57759931650261 
Beale 2 23 -1.1525903056026219 0.9566920969554703 1.618277333271764 15.57759964078025 
Beale 2 23 -1.1525902847961318 0.956692089483084 1.6182773332717637 15.577599850387159 
Beale 2 23 -1.152590288998049 0.9566921009675766 1.618277333271764 15.577599494328755 
Beale 2 23 -1.1525902603565017 0.9566920989863893 1.618277333271764 15.577599521672244 
Beale 2 23 3.8820252750765576 0.45186401480039295 2.002908168694316 1.9067566219024608 
Beale 2 23 -1.1705956913828426 0.9616461039343746 1.6316370040816905 15.441057110698235 
Beale 2 23 -1.1705956786198932 0.9616460968214847 1.6316370040816905 15.441057324781571 
Beale 2 23 -1.1705956914920694 0.9616461048825965 1.6316370040816905 15.441057080438778 
Beale 2 23 -1.1705956928543069 0.9616461118519493 1.631637004081691 15.441056858638575 
Beale 2 23 -1.1705956885417586 0.9616461154875311 1.631637004081691 15.441056737509781 
Beale 2 23 -1.1705956996146367 0.9616461148766741 1.6316370040816908 15.441056769040456 
Beale 2 23 -1.170595691123566 0.961646108885455 1.6316370040816905 15.44105695180426 
Beale 2 23 -1.170595682612127 0.9616460955104481 1.6316370040816905 15.441057371094711 
Beale 2 23 -1.1705956802883337 0.9616461012581922 1.6316370040816905 15.441057184448514 
Beale 2 23 -1.1705956844665186 0.961646107144473 1.6316370040816905 15.441057000387683 
Beale 2 23 -1.1705956957252848 0.9616461079290436 1.6316370040816908 15.441056987414928 
Beale 2 23 -1.1705956771609403 0.9616461041240562 1.6316370040816908 15.441057089258802 
Beale 2 23 -1.1705956862362668 0.9616461095394567 1.6316370040816905 15.441056925573172 
Beale 2 23 -1.1705957066385169 0.9616461109787396 1.6316370040816908 15.441056901502858 
Beale 2 23 -1.1705956674896896 0.9616461072103434 1.631637004081691 15.441056979938775 
Beale 2 23 -1.17059568589347 0.9616460866533713 1.6316370040816908 15.441057658386532 
Beale 2 23 -1.1705956810715517 0.9616461039542182 1.6316370040816905 15.44105709892408 
Beale 2 23 -1.1705956994285962 0.9616461121261765 1.6316370040816905 15.44105685695504 
Beale 2 23 -1.1705956729666451 0.9616461085718756 1.6316370040816908 15.441056942236735 
Beale 2 23 -1.1705956911287667 0.9616461043859387 1.6316370040816905 15.441057095957369 
Beale 2 23 -1.1705956923615983 0.9616461099562646 1.6316370040816908 15.44105691883691 
Beale 2 23 -0.42497039472654796 -0.30864535955698097 -1.0 20.54690906258762 
Beale 2 23 0.2071212189401983 3.0088300273781807 -1.0 83.98012869907453 
Beale 2 23 4.423964442714111 2.8385402160842994 -1.0 11089.82209418075 
Beale 2 23 -0.9554882365548467 2.889847107496662 -1.0 402.31656895127423 
Beale 2 23 0.9671238397870582 1.6976473871767956 -1.0 62.12306407631891 
Beale 2 23 0.8713398933032921 -0.9002026531449602 -1.0 5.6204654496639455 
Beale 2 23 3.382938106321011 1.2394466081323086 -1.0 54.15383423138011 
Beale 2 23 1.9137651158403366 0.2216355165935946 -1.0 0.7211446723145508 
Beale 2 23 0.27480213941621157 -0.7471154451393159 -1.0 10.568956861153808 
Beale 2 23 4.459505769362508 0.16464803519768356 -1.0 12.60685005080913 
Beale 2 23 1.6681878980819602 0.39881966697632043 -1.0 2.093979005670187 
Beale 2 23 4.273237520710416 0.2488105895860584 -1.0 8.521188979887853 
Beale 2 23 2.582923108316987 -0.09164254827886276 -1.0 1.8398918090138976 
Beale 2 23 1.8042322121350365 0.2420107271125698 -1.0 1.0379132530855395 
Beale 2 23 2.8739337690259465 -0.4691809957339795 -1.0 7.709001115161238 
Beale 2 23 1.2504467540088222 -0.4386847797938264 -1.0 3.23781232608357 
Beale 2 23 2.061429629625463 -0.6713923526743382 -1.0 5.037910846266543 
Beale 2 23 2.127265170432022 0.2301708142456395 -1.0 0.3486070611445976 
Beale 2 23 2.334183659862582 0.44733612150600793 -1.0 0.4404750326348727 
Beale 2 23 2.4794448574611274 0.65942888183482 -1.0 1.8837783068499614 
Beale 2 23 2.3302969585453237 0.3474288151967777 -1.0 0.19482341558395133 
Beale 2 23 2.3502434267555 0.36833996903565935 -1.0 0.20186247665918977 
Beale 2 23 2.383183333064744 0.3894515299254283 -1.0 0.20050680775873692 
Beale 2 23 2.4818994705927984 0.45507396560822155 -1.0 0.24347061840617878 
Beale 2 23 2.5580731633683325 0.553627020316309 -1.0 0.6058312983058696 
Beale 2 23 2.4913743997468902 0.38649794271859245 -1.0 0.09490317972518515 
Beale 2 23 2.634581839567534 0.4815344136236789 -1.0 0.15017819795987786 
Beale 2 23 3.219004857985581 0.9816102774691993 -1.0 12.630018855590517 
Beale 2 23 2.5507132669276893 0.06761042514160324 -1.0 0.8605261233561264 
Beale 2 23 2.320638050169606 0.3693054844085569 -1.0 0.23922425894821314 
Beale 2 23 2.33071269326004 0.4028307328208953 -1.0 0.29969517197361617 
Beale 2 23 2.326926342933273 0.4461531306938952 -1.0 0.44855997595556474 
Beale 2 23 2.1403394104081483 0.6886826326483212 -1.0 3.361456153087571 
Beale 2 23 2.8012678752687026 -0.02973349851856237 -1.0 2.24927289779486 
Beale 2 23 2.2505828646403607 0.5004572313593716 -1.0 0.8892603852208212 
Beale 2 23 2.398843508933659 0.1825115460641395 -1.0 0.27525399881938206 
Beale 2 23 2.4770443142426597 0.090638627337668 -1.0 0.6314617258801933 
Beale 2 23 4.499998304232609 2.0743365297684275 -1.0 1799.1180217307483 
Beale 2 23 4.499999456805813 2.0753997470639134 -1.0 1804.5953554525645 
Beale 2 23 4.499996810763886 2.0736231038709656 -1.0 1795.4498296094011 
Beale 2 23 4.499998018441019 2.074217310695385 -1.0 1798.5045833460947 
Beale 2 23 0.07056901483880026 -0.45711790158259935 -1.0 13.257229716928286 
Beale 2 23 0.9117424842403132 -0.2851134539232773 -1.0 4.965873916606437 
Beale 2 23 1.4437766155444733 -0.11838946237916102 -1.0 2.0858269809880032 
Beale 2 23 1.7366823561004672 -0.08166357130398225 -1.0 1.206215043490197 
Beale 2 23 1.867813494132477 -0.0996633560946515 -1.0 1.0380049405308103 
Beale 2 23 1.9777784334235677 -0.22592313766109345 -1.0 1.3840430497469172 
Beale 2 23 2.1255516271053483 -0.2617115562419939 -1.0 1.6824886093880624 
Beale 2 23 2.119682115618048 -0.24844175638437666 -1.0 1.6057555389461031 
Beale 2 23 2.132210876115592 -0.2353515261405993 -1.0 1.5578881328167902 
Beale 2 23 2.1357008334722387 -0.2257493637421 -1.0 1.5153167706695574 
Beale 2 23 2.1219181940000595 -0.20113911663319176 -1.0 1.381592644592876 
Beale 2 23 2.0743067688497248 -0.29515223668127677 -1.0 1.7822679624183195 
Beale 2 23 2.0838412524304633 -0.2501564590377055 -1.0 1.5678664205731407 
Beale 2 23 2.102792710894296 -0.2296831768767181 -1.0 1.4922684580594088 
Beale 2 23 2.1066106426183833 -0.2725515934903172 -1.0 1.7104729641344831 
Beale 2 23 2.037024490315283 -0.4341831631037951 -1.0 2.554404902782965 
Beale 2 23 2.1266417231145414 -0.13825931437722214 -1.0 1.1173226800142015 
Beale 2 23 -4.32642147863366 3.507792945088553 -1.0 34587.33559632945 
Beale 2 23 -4.194757373426274 3.390403474751871 -1.0 26359.72376867363 
Beale 2 23 -3.6436720314055555 3.9086061732921413 -1.0 47209.49342704307 
Beale 2 23 -3.390756164134792 3.869433147566397 -1.0 38367.093797772184 
Beale 2 23 -4.096155150248488 3.7544441024592103 -1.0 46860.3869413434 
Beale 2 23 -3.2532851854261025 3.335258225474425 -1.0 14163.046676059614 
Beale 2 23 -3.987936244695246 3.4684222127066 -1.0 27342.351511914156 
Beale 2 23 -3.3154149919552136 3.41980744833124 -1.0 17187.957841889605 
Beale 2 23 -4.1608298141451 3.928312416978529 -1.0 63697.91724896041 
Beale 2 23 -4.2625545007916745 2.558831197961677 -1.0 4648.205569045548 
Beale 2 23 -3.984759206371058 3.4052822011607504 -1.0 24385.180165842074 
Beale 2 23 -4.254336999526285 2.722329277658043 -1.0 6893.8700065297135 
Beale 2 23 -3.905097920042429 3.3283466821434837 -1.0 20328.318974489066 
Beale 2 23 1.429978251559382 -0.43557797089782724 -1.0 2.656234690495682 
Beale 2 23 1.9186232153946015 -0.141635611178563 -1.0 1.1047057647888987 
Beale 2 23 0.1930914872291008 0.31808364466334865 -1.0 12.128387058761197 
Beale 2 23 3.2067848729622925 -0.06697854211651809 -1.0 4.920145052897698 
Beale 2 23 4.022917751188334 0.03764278169435666 -1.0 10.700567421533783 
Beale 2 23 2.6980538981190234 -0.05824754718096437 -1.0 2.034639489388815 
Beale 2 23 2.3415244078002795 -0.18280899852604293 -1.0 1.6844524843476116 
Beale 2 23 1.9063689528122927 -0.25558259443363224 -1.0 1.4894003801123787 
Beale 2 23 1.3361419624568858 -0.05517096179300284 -1.0 2.5112886140242137 
Beale 2 23 1.8747406112884195 -0.33094568417100156 -1.0 1.7930057903788577 
Beale 2 23 1.8925861788006566 -0.38960756652698125 -1.0 2.0774290621632794 
Beale 2 23 2.0509979073291027 0.16707893418854272 -1.0 0.44961604653818904 
Beale 2 23 2.0384332139746393 0.20742355776059587 -1.0 0.4686615138344372 
Beale 2 23 2.002944077345746 0.172866764066719 -1.0 0.5186821044107207 
Beale 2 23 1.737868460126107 0.43386362075686047 -1.0 2.029722599299003 
Beale 2 23 2.095461532645451 0.0897046528591231 -1.0 0.47744055550480125 
Beale 2 23 2.058381213088313 0.21837183489079712 -1.0 0.44163327454259865 
Beale 2 23 0.259305510406696 -1.3913736664510439 -1.0 9.767393351186133 
Beale 2 23 2.0937380554691094 0.1293811939926927 -1.0 0.42790809437948263 
Beale 2 23 2.4574989687761124 0.3306089812900534 -1.0 0.09046040571012298 
Beale 2 23 2.6164375683891827 0.308403452507937 -1.0 0.1169053562124088 
Beale 2 23 2.8727168835103645 -3.108791592221471 -1.0 8335.251638733473 
Beale 2 23 2.540638210244399 -3.0570807389631875 -1.0 5884.387183853227 
Beale 2 23 2.357932557025218 -3.1554286246416825 -1.0 6063.474887440094 
Beale 2 23 2.457109236458865 -3.224683334902004 -1.0 7481.97259459181 
Beale 2 23 2.390520517368578 -3.3643848680265305 -1.0 9049.155243201405 
Beale 2 23 2.3548528887364792 -3.2713122421248126 -1.0 7454.660955285663 
Beale 2 23 2.509898518443154 -3.1286258644929346 -1.0 6559.641410786806 
Beale 2 23 2.5554140642988976 -3.0640675449488173 -1.0 6033.721609513861 
Beale 2 23 2.648449976619159 -3.042196796813525 -1.0 6230.086887912293 
Beale 2 23 0.5707245477820928 -4.193050843182881 -1.0 1740.9530847275837 
Beale 2 23 2.5279247783419745 -3.1646361052244334 -1.0 7111.963801312594 
Beale 2 23 2.1566494985809963 -0.8093354667209081 -1.0 8.493729433612863 
Beale 2 23 -1.777402606934802 -0.6764063966697087 -1.0 54.92517970526576 
Beale 2 23 -1.823976841921398 2.2983879467195787 -1.0 344.8561781084311 
Beale 2 23 -3.0733672897841657 -3.274871702189374 -1.0 13892.6498089378 
Beale 2 23 3.6284228236967926 2.6992037504185022 -1.0 5635.976748087904 
Beale 2 23 -1.7250018839428123 -3.411254029141809 -1.0 5645.609574504856 
Beale 2 23 -1.5241625942204746 -4.117371164919475 -1.0 12791.724597445656 
Beale 2 23 -1.1604052523670463 -4.061713620020518 -1.0 6951.018457309376 
Beale 2 23 1.7452600961023081 -3.405656586408155 -1.0 5100.761512506637 
Beale 2 23 -0.5648567178699975 -3.7516097582225694 -1.0 1133.9064057305275 
Beale 2 23 1.2372599634651356 4.101314960411987 -1.0 8029.139743454307 
Beale 2 23 2.39799902827588 -0.2745931599110518 -1.0 2.455138829843416 
Beale 2 23 3.8030570506885812 0.8108788313473188 -1.0 2.22930146400573 
Beale 2 23 2.3296046159460597 0.3928287360829623 -1.0 0.27628405534498557 
Beale 2 23 4.4999638605686245 0.5224405195957463 -1.0 2.986109234059997 
Beale 2 23 2.50993955664686 0.3124092343710939 -1.0 0.087921955570003 
Beale 2 23 -2.4153546045161733 3.0770343514739933 -1.0 4611.496330809341 
Beale 2 23 -2.9721838453938934 4.16680189055052 -1.0 46072.88508435533 
Beale 2 23 -2.881961176732159 1.480290990748205 -1.0 16.16865382397309 
Beale 2 23 2.4671109452937454 2.9570766325766993 -1.0 4585.908626642678 
Beale 2 23 -2.3532248475822373 -1.0231997131296513 -1.0 100.01424237774131 
Beale 2 23 -1.1241183218658757 -2.995989851719935 -1.0 1235.5635198972063 
Beale 2 23 -3.1579857704366248 -2.967563953047769 -1.0 8497.84020275012 
Beale 2 23 -3.8066346378610594 1.4648601186412387 -1.0 35.15523723078028 
Beale 2 23 -3.917934946121899 -0.12745719566255032 -1.0 115.19302457920624 
Beale 2 23 3.9546453909448864 1.5145670247698257 -1.0 220.77409877615042 
Beale 2 23 3.6058674243701265 -0.8746349763725727 -1.0 41.14730421747328 
Beale 2 23 -0.8139138477245518 -1.8095606970643807 -1.0 82.75406804567281 
Beale 2 23 -4.299097737361171 -2.485546100252682 -1.0 5992.279757041148 
Beale 2 23 -3.5967919402589077 -2.180543882255178 -1.0 2187.521505634932 
Beale 2 23 -2.981508931926812 -1.9844701176667927 -1.0 986.1329623785584 
Beale 2 23 4.340623875054457 1.960176053840056 -1.0 1204.429996291518 
Beale 2 23 -1.2047406941641725 3.3460444839732104 -1.0 1808.3435440737387 
Beale 2 23 4.194881472997633 -3.0773858782871897 -1.0 17003.489991080787 
Beale 2 23 -0.3662385406768376 -2.9935397174392495 -1.0 173.46829854447623 
Beale 2 23 1.2376090032762699 -1.032878971096984 -1.0 6.4742160590472215 
Beale 2 23 0.9469797809149778 -3.245245249311102 -1.0 1075.2307699389346 
Beale 2 23 2.17896148449364 -1.4549720300379319 -1.0 76.00962262423008 
Beale 2 23 -2.4538335001583516 4.18548153640841 -1.0 32075.206378633822 
Beale 2 23 2.0887604157637445 -0.22537560021279113 -1.0 1.4565229414582697 
Beale 2 23 1.3282213895962114 -1.7862796727989854 -1.0 70.82599616737319 
Beale 2 23 -0.5944343641221177 1.1025320699586878 -1.0 12.442926690762796 
Beale 2 23 0.4372465579735527 -1.8705309627580953 -1.0 11.687309637159148 
Beale 2 23 -1.369207974035743 -0.856894188141522 -1.0 46.75159082897934 
Beale 2 23 -4.469020150849498 1.1267455937416644 -1.0 2.456047551214994 
Beale 2 23 -1.0921561520066727 -2.589376749008644 -1.0 559.5404418916567 
Beale 2 23 -0.7334679668919601 -0.755056223844957 -1.0 27.849482208514317 
Beale 2 23 -3.894435292703849 4.309270285490164 -1.0 97608.39775580015 
Beale 2 23 4.499695529152238 0.7911403760722606 -1.0 0.7598702300368325 
Beale 2 23 4.495865247150389 0.5729659838308678 -1.0 1.8201082429494906 
Beale 2 23 4.492222261325118 0.6310296714846971 -1.0 0.7756927529956701 
Beale 2 23 4.499683447051797 1.0161588163874917 -1.0 16.320621778322298 
Beale 2 23 3.03890537270871 0.21151862549772774 -1.0 1.3777061728461444 
Beale 2 23 2.8369459098395127 0.3136792697426191 -1.0 0.31007393391559984 
Beale 2 23 1.5902229921184632 4.499935919690069 -1.0 22427.56059668115 
Beale 2 23 1.6374985092112677 4.499935820440468 -1.0 23752.253003369176 
Beale 2 23 1.6675373057827878 4.499712500668555 -1.0 24606.56088478911 
Beale 2 23 1.6249046120249797 4.499959564635579 -1.0 23396.370579455717 
Beale 2 23 1.6175345277506712 4.499784700819992 -1.0 23183.652933884507 
Beale 2 23 1.632314299949853 4.499762262978723 -1.0 23599.80277383075 
Beale 2 23 1.638017882752554 4.499563134968867 -1.0 23755.496086559946 
Beale 2 23 1.6173532544663007 4.499972813787149 -1.0 23184.235230056544 
Beale 2 23 1.6468029249917717 4.499747618490469 -1.0 24011.5662007715 
Beale 2 23 1.6286972140726654 4.499977810433505 -1.0 23504.038072523454 
Beale 2 23 1.6462625526773578 4.499999169509591 -1.0 24003.983368612913 
Beale 2 23 1.5956193133912753 4.499732720389775 -1.0 22570.883235801422 
Beale 2 23 1.6389569549073015 4.499735338714061 -1.0 23787.51886209476 
Beale 2 23 2.770022508961518 0.20063230398160445 -1.0 0.6921085460056969 
Beale 2 23 3.716283846662085 0.7170592333310934 -1.0 0.47654859936596694 
Beale 2 23 2.898599080978549 0.8347481291628364 -1.0 4.917359271359173 
Beale 2 23 -1.545128243352883 4.499960149818769 -1.0 19437.793806107748 
Beale 2 23 -1.5631885241970984 4.499986210956457 -1.0 19905.638627343324 
Beale 2 23 -1.5412265969905417 4.499981760107879 -1.0 19338.172353622518 
Beale 2 23 -1.5514328588721849 4.499914542907452 -1.0 19599.020936382734 
Beale 2 23 -1.5546600901983247 4.4998855017177055 -1.0 19681.652044245893 
Beale 2 23 -1.5475344767639665 4.499989058376854 -1.0 19500.47843139951 
Beale 2 23 -1.5617736050986697 4.499892261650991 -1.0 19866.302372774793 
Beale 2 23 -1.5654351728161833 4.499861089331246 -1.0 19960.74490375834 
Beale 2 23 -1.5573064654211557 4.49996672940836 -1.0 19752.35808986357 
Beale 2 23 -1.5434629421205963 4.499974628062635 -1.0 19395.380953627577 
Beale 2 23 -1.539584388948237 4.499948070890025 -1.0 19295.19480880784 
Beale 2 23 -1.5529497782900028 4.499982111036881 -1.0 19640.007601205016 
Beale 2 23 2.6474031949635735 0.39146747444672864 -1.0 0.03100654851969329 
Beale 2 23 -1.4277413265394496 4.49986155849317 -1.0 16534.51703850444 
Beale 2 23 -1.4001350874802392 4.499502788641659 -1.0 15878.63007339186 
Beale 2 23 -1.400402689904208 4.499942039163041 -1.0 15894.358845001258 
Beale 2 23 -1.4225523690441895 4.499690023683109 -1.0 16407.870420070136 
Beale 2 23 2.226492976873179 0.2561220085470897 -1.0 0.24318351742131555 
Beale 2 23 -4.097894514457845 4.438856165983541 -1.0 129373.40212937718 
Beale 2 23 -2.758664848252557 3.570581081668896 -1.0 15387.813557456508 
Beale 2 23 -4.481291729132834 4.495575772270101 -1.0 167267.7272067043 
Beale 2 23 -3.4765087671077155 4.0870706772110506 -1.0 56298.76907580618 
Beale 2 23 -4.482578497411193 4.494807501747589 -1.0 167192.19694412962 
Beale 2 23 -4.499674355620908 4.498523046075671 -1.0 169320.74951936546 
Beale 2 23 -4.492277224168374 4.490879950540741 -1.0 167039.43775393965 
Beale 2 23 -4.2801679671745685 4.489397691311684 -1.0 151223.22140346904 
Beale 2 23 2.9680602175563067 0.35171079001780753 -1.0 0.3488163566074975 
Beale 2 23 -4.490170270223822 4.489514630469004 -1.0 166576.01595656187 
Beale 2 23 -4.484389436199963 4.496427201717067 -1.0 167692.1060551063 
Beale 2 23 -4.4710733651454415 4.490719641094417 -1.0 165418.85312187 
Beale 2 23 -4.492378728414824 4.493717506413744 -1.0 167684.26647785562 
Beale 2 23 -4.469194293252177 4.498972362487308 -1.0 167118.13719071416 
Beale 2 23 -4.496356929359416 4.490562839929229 -1.0 167274.0475341192 
Beale 2 23 -4.4333209845595345 4.497406121846662 -1.0 164081.24913503745 
Beale 2 23 -4.495031603093071 4.49783783446712 -1.0 168813.83845440033 
Beale 2 23 -4.470869604766608 4.4901786477586185 -1.0 165283.584411839 
Beale 2 23 -4.456938362139637 4.494203648144948 -1.0 165136.8809426621 
Beale 2 23 -4.442852344249651 4.498350814854832 -1.0 165001.68237032468 
Beale 2 23 -4.49664768549373 4.498955138171824 -1.0 169189.2545410601 
Beale 2 23 -4.457075349040461 4.499185234535818 -1.0 166253.6280093731 
Beale 2 23 -4.4848522470831655 4.48736312267821 -1.0 165699.2262810603 
Beale 2 23 -4.445101590747995 4.497449945688001 -1.0 164970.76879824972 
Beale 2 23 -4.472150116102629 4.498788362067137 -1.0 167299.6849931818 
Beale 2 23 -4.480396950392486 4.487233038420635 -1.0 165338.79024499515 
Beale 2 23 -4.49517267299741 4.498673422046244 -1.0 169013.64169214806 
Beale 2 23 -4.4898353243452185 4.499309240296895 -1.0 168753.20519568626 
Beale 2 23 -4.477269431888366 4.496391949778079 -1.0 167148.1300807154 
Beale 2 23 -4.494442315042735 4.487565438383275 -1.0 166459.2288234706 
Beale 2 23 -4.494831090965322 4.4980347260697755 -1.0 168843.2071805552 
Beale 2 23 -4.446148630420284 4.494795565484141 -1.0 164462.7599820889 
Beale 2 23 -4.496879618250807 4.4922708654923245 -1.0 167697.1953221422 
Beale 2 23 -4.499559064932529 4.498835856011304 -1.0 169382.98181961352 
Beale 2 23 -4.480914920454584 4.499220959346514 -1.0 168058.41839290888 
Beale 2 23 -4.499326855953546 4.488627400916828 -1.0 167062.08325688756 
Beale 2 23 -4.496973618249797 4.484472724062544 -1.0 165957.09571946718 
Beale 2 23 -4.464655411103447 4.498701983469049 -1.0 166715.9005275313 
Beale 2 23 -4.4728491849650185 4.499098220076387 -1.0 167421.87555173243 
Beale 2 23 -4.4795236049506295 4.499865373536899 -1.0 168098.33403463487 
Beale 2 23 -4.457086366181588 4.499296101464699 -1.0 166279.15189836774 
Beale 2 23 -4.480101740821881 4.496273237388084 -1.0 167334.63444025116 
Beale 2 23 -4.455222814101548 4.494451890268112 -1.0 165063.76349261997 
Beale 2 23 -4.496810601789502 4.499652581876199 -1.0 169359.76571522618 
Beale 2 23 -4.494519605988526 4.488390382941782 -1.0 166649.54129946424 
Beale 2 23 -4.482347166208307 4.493159604143308 -1.0 166805.71281483377 
Beale 2 23 -4.47186252831607 4.4968798564713275 -1.0 166850.71827979683 
Beale 2 23 -4.489656908121047 4.499621264812826 -1.0 168810.23787675024 
Beale 2 23 -4.493945350212554 4.4986600274102635 -1.0 168917.639406946 
Beale 2 23 -4.4623435838172245 4.498461974038539 -1.0 166488.44023387076 
Beale 2 23 -4.474296172933059 4.489195298843588 -1.0 165320.54435697294 
Beale 2 23 -4.494550702959087 4.499001704540584 -1.0 169040.85484090736 
Beale 2 23 -4.4945014029134285 4.4994088305752555 -1.0 169129.33754432105 
Beale 2 23 -4.488532768048659 4.499259066993448 -1.0 168643.23504461854 
Beale 2 23 -4.487194328901085 4.499473555873697 -1.0 168590.35458705318 
Beale 2 23 -4.471603422603886 4.493082180463064 -1.0 165983.7781816831 
Beale 2 23 -4.471556923408171 4.494567679252628 -1.0 166311.35969076524 
Beale 2 23 -4.449047175553778 4.497281228501922 -1.0 165228.6182691299 
Beale 2 23 -4.461655811694634 4.49893086782014 -1.0 166541.3343581954 
Beale 2 23 -4.461896782037455 4.493289882903188 -1.0 165304.56648526347 
Beale 2 23 -4.4993439856896895 4.499809405876111 -1.0 169587.69442540998 
Beale 2 23 -4.470288729283462 4.4941942751528705 -1.0 166133.10306258846 
Beale 2 23 -4.428823729488354 4.497595569627458 -1.0 163787.57785341702 
Beale 2 23 -4.488909113508024 4.496695030006912 -1.0 168093.1827864741 
Beale 2 23 -4.465826061775714 4.496205375047685 -1.0 166246.79105674117 
Beale 2 23 -4.49622992987997 4.499091368318977 -1.0 169188.459252958 
Beale 2 23 -4.4931414761642365 4.489619138878412 -1.0 166821.6115117626 
Beale 2 23 -4.498609136623524 4.499826165494125 -1.0 169535.69509480253 
Beale 2 23 -4.4996985073392715 4.494311464343894 -1.0 168369.34730440285 
Beale 2 23 -4.42997762155593 4.499684390425816 -1.0 164332.90426500654 
Beale 2 23 -4.486074326998873 4.498531424585702 -1.0 168293.02006635332 
Beale 2 23 -4.483588018202701 4.49236689352035 -1.0 166721.36628592305 
Beale 2 23 -4.477782090391737 4.493642279240265 -1.0 166571.37597692886 
Beale 2 23 -4.465085517092828 4.4992866770529805 -1.0 166878.94110103737 
Beale 2 23 -4.4699765891225365 4.49525352810805 -1.0 166345.86229917975 
Beale 2 23 -4.452613648651136 4.4942064258856655 -1.0 164814.74772405988 
Beale 2 23 -4.478515617534794 4.497748873828984 -1.0 167546.33753630103 
Beale 2 23 -4.480000490178384 4.4880994201646205 -1.0 165501.80110287154 
Beale 2 23 -4.484230398507112 4.492730072704508 -1.0 166850.78798873993 
Beale 2 23 -4.485063519129651 4.4997767810055604 -1.0 168497.5034824476 
Beale 2 23 -4.491147245895503 4.496382292257392 -1.0 168191.58083682216 
Beale 2 23 -4.4942468590809534 4.499088438323188 -1.0 169037.46962952294 
Beale 2 23 -4.46599501458769 4.497394630242532 -1.0 166524.71786778411 
Beale 2 23 -4.471033359043242 4.498772879183759 -1.0 167212.04350176937 
Beale 2 23 -4.495467340577504 4.496945664945506 -1.0 168645.04684216157 
Beale 2 23 -4.4761913661044455 4.496143224342264 -1.0 167011.34184818313 
Beale 2 23 -4.485530685080076 4.498231258470068 -1.0 168184.27019339873 
Beale 2 23 -4.495601357916224 4.488039409517522 -1.0 166651.80279989564 
Beale 2 23 -4.48077287033995 4.496457698180901 -1.0 167426.54607406905 
Beale 2 23 -4.447536820112309 4.496517482044378 -1.0 164946.6492796138 
Beale 2 23 -4.482758523757134 4.491402221740328 -1.0 166443.612903789 
Beale 2 23 -4.441974178459892 4.497376911419439 -1.0 164720.83095788123 
Beale 2 23 -4.47422770214771 4.492870216442559 -1.0 166132.8830039798 
Beale 2 23 -4.495679679308365 4.498073855691887 -1.0 168916.3004244877 
Beale 2 23 -4.4569653749347555 4.495181114614501 -1.0 165355.52114224463 
Beale 2 23 -4.434688161541509 4.499962155709497 -1.0 164746.5193191028 
Beale 2 23 -4.478076370338016 4.495349476390411 -1.0 166975.3025873762 
Beale 2 23 -4.489763999830425 4.499157375083097 -1.0 168713.4758955551 
Beale 2 23 -4.48324045686649 4.4994371086398335 -1.0 168282.93654694833 
Beale 2 23 -4.461920574075161 4.499078972216216 -1.0 166594.30354654847 
Beale 2 23 -4.482255400367458 4.499264487353795 -1.0 168169.54581808895 
Beale 2 23 -4.482394820356774 4.496935059703209 -1.0 167655.9360723456 
Beale 2 23 -4.440364827335464 4.4986456743846555 -1.0 164880.70051356684 
Beale 2 23 -4.479469352978101 4.488196384645976 -1.0 165483.81322901955 
Beale 2 23 -4.492384656284789 4.4903362332488514 -1.0 166925.61527543917 
Beale 2 23 -4.479836547349149 4.499758025737482 -1.0 168097.82542916777 
Beale 2 23 -4.476122871581809 4.4998586450513915 -1.0 167839.77060510093 
Beale 2 23 -4.491134361350616 4.4980301686689055 -1.0 168562.48464672838 
Beale 2 23 -4.47540487710236 4.4868760731301585 -1.0 164888.67110870537 
Beale 2 23 -4.476642606998887 4.4987684409551285 -1.0 167634.0347580409 
Beale 2 23 -4.496381045891371 4.489115816487658 -1.0 166951.20865819254 
Beale 2 23 -4.4975584688928665 4.497393757055548 -1.0 168904.56331674178 
Beale 2 23 -4.484779798402536 4.497630773629748 -1.0 167992.30768795693 
Beale 2 23 -4.437056300542602 4.498528413435511 -1.0 164607.35722004945 
Beale 2 23 -4.462774576904515 4.497949384275489 -1.0 166406.50363350761 
Beale 2 23 -4.49460707670377 4.497464346931078 -1.0 168697.25670828848 
Beale 2 23 -4.499530052156124 4.489494567149621 -1.0 167271.94483771562 
Beale 2 23 -4.487519118578789 4.4930605669810495 -1.0 167171.56711266757 
Beale 2 23 -4.479540335015784 4.4972337833779115 -1.0 167507.91968939017 
Beale 2 23 -4.487899602070014 4.48655630526871 -1.0 165746.43444959988 
Beale 2 23 -4.49612292671854 4.498983049027626 -1.0 169155.79741996183 
Beale 2 23 -4.4904436536148475 4.496745248823334 -1.0 168220.31535821036 
Beale 2 23 -4.478968799143656 4.49588381143588 -1.0 167162.08061606422 
Beale 2 23 -4.494838429934007 4.498199509905543 -1.0 168881.0487011229 
Beale 2 23 -4.4883988840948374 4.499716457771269 -1.0 168736.45378009393 
Beale 2 23 -4.495547405900862 4.496081966467732 -1.0 168455.95395489936 
Beale 2 23 -4.483307587672076 4.498601222047254 -1.0 168099.6601620157 
Beale 2 23 -4.497670169077751 4.499527269389142 -1.0 169396.5659652315 
Beale 2 23 -4.49508028108447 4.496361780106236 -1.0 168483.8728687422 
Beale 2 23 -4.485408974164538 4.4992152145375 -1.0 168396.92949012818 
Beale 2 23 -4.490250699903902 4.4998809255134775 -1.0 168913.96875801525 
Beale 2 23 -4.493970313303616 4.498370120784855 -1.0 168853.92869000905 
Beale 2 23 -4.4965874076915195 4.488967915630552 -1.0 166933.4931573591 
Beale 2 23 -4.42106226141727 4.499653920418929 -1.0 163660.43101128686 
Beale 2 23 -4.480743347605852 4.498881402151785 -1.0 167969.0233455072 
Beale 2 23 -4.451027624356368 4.497093826521582 -1.0 165335.3305957011 
Beale 2 23 -4.438750790774694 4.497608407117771 -1.0 164531.0819304496 
Beale 2 23 -4.4951231732265535 4.499816689957614 -1.0 169268.93853870293 
Beale 2 23 -4.480261506995071 4.497542440987737 -1.0 167631.59573700806 
Beale 2 23 -4.468489602565038 4.48991991297573 -1.0 165048.98437749807 
Beale 2 23 -4.488627265778834 4.493800611478594 -1.0 167420.88265108838 
Beale 2 23 -4.482335229220056 4.491564632390205 -1.0 166448.2191635747 
Beale 2 23 -4.499142309197626 4.4989848199703 -1.0 169385.17242500465 
Beale 2 23 -4.471785042511899 4.491399468125381 -1.0 165622.9742724552 
Beale 2 23 -4.498232765589133 4.488158269320397 -1.0 166875.06299445604 
Beale 2 23 -4.499312923765732 4.491026336543446 -1.0 167599.95102590392 
Beale 2 23 -4.494238042059871 4.499429784556423 -1.0 169114.1158732038 
Beale 2 23 -4.494025063024348 4.497754646478936 -1.0 168718.86804652514 
Beale 2 23 -4.468063575262494 4.49566258654526 -1.0 166293.62135218992 
Beale 2 23 -4.486669284316074 4.496675856928762 -1.0 167919.90235545754 
Beale 2 23 -4.483352946442777 4.498410388210729 -1.0 168060.10937140725 
Beale 2 23 -4.483986502575667 4.497162413779064 -1.0 167827.0556689473 
Beale 2 23 -4.4964766577331075 4.491001413879349 -1.0 167381.52670405168 
Beale 2 23 -4.470073035663336 4.499342301641941 -1.0 167267.23670112705 
Beale 2 23 -4.499117862158855 4.499251593626948 -1.0 169443.8640354975 
Beale 2 23 -4.486001664593361 4.4964501955614855 -1.0 167818.7852777195 
Beale 2 23 -4.496031436788857 4.499543042514221 -1.0 169275.80169129404 
Beale 2 23 -4.486786605131432 4.4893156906089295 -1.0 166278.74145273215 
Beale 2 23 -4.485904326685887 4.499820704897808 -1.0 168571.0771492244 
Beale 2 23 -4.448232735726569 4.498251713641961 -1.0 165382.63597332372 
Beale 2 23 1.7360452120068106 -0.078789883614387 -1.0 1.2030759478484476 
Beale 2 23 1.8572301574201469 0.6353755018005466 -1.0 3.5303240732454984 
Beale 2 23 1.5867381975152313 -0.12940503963583322 -1.0 1.63203366227546 
Beale 2 23 1.4225331050010213 -0.06239174670521634 -1.0 2.1391196468525484 
Beale 2 23 4.499915613842111 0.7682722006592935 -1.0 0.40144811001748054 
Beale 2 23 4.499886701881427 0.7706553232883203 -1.0 0.4317422267877721 
Beale 2 23 4.499963445497559 1.0873612796556271 -1.0 28.30364967365363 
Beale 2 23 4.238838627535935 0.2312178639453644 -1.0 8.636706890159571 
Beale 2 23 4.499980329554604 0.5435587591066255 -1.0 2.481868477829301 
Beale 2 23 3.318377902239907 0.45137944150434584 -1.0 0.40732382090932584 
Beale 2 23 3.5164540420147894 0.6015236397890769 -1.0 0.02569254275546111 
Beale 2 23 3.817854879995532 0.6427334893199181 -1.0 0.050679383616084324 
Beale 2 23 2.4479323692690707 1.2887529803837081 -1.0 49.171691728092014 
Beale 2 23 3.542984003588702 0.9103170317489127 -1.0 7.17615691884344 
Beale 2 23 3.6938738000242646 0.603193262817841 -1.0 0.0778122619272045 
Beale 2 23 3.6557171568391325 0.6335350982340457 -1.0 0.03971867698903124 
Beale 2 23 3.784472659685988 0.6193812979749875 -1.0 0.078090587438989 
Beale 2 23 3.369111008720504 0.6616877323018987 -1.0 0.3102622186818446 
Beale 2 23 3.6395556644345155 0.5784441758841948 -1.0 0.12686244841337238 
Beale 2 23 3.7545208795734277 0.6300820934110847 -1.0 0.04877810581330511 
Beale 2 23 2.113369331439545 0.3011974509915358 -1.0 0.43254507842934703 
Beale 2 23 2.639181042532419 -0.05897723507626507 -1.0 1.82120919211717 
Beale 2 23 3.3019232516026378 0.14708805528682095 -1.0 3.137977196873717 
Beale 2 23 -1.3480606009417153 -1.5814151357232595 -1.0 111.42516825177381 
Beale 2 23 2.0749953482983 0.7646126277735448 -1.0 5.13333408089368 
Beale 2 23 3.774254409848223 0.6389352941610399 -1.0 0.046265554467604955 
Beale 2 23 1.095554865274559 1.3673451896797366 -1.0 32.62705756649225 
Beale 2 23 3.761183304559813 0.6563337892577858 -1.0 0.06020391879962158 
Beale 2 23 3.9962349111739655 0.7989763127985534 -1.0 1.5779435103301245 
Beale 2 23 3.565293613437031 0.6369989857394949 -1.0 0.059966060808248726 
Beale 2 23 3.4671622828539634 0.599967312139086 -1.0 0.022446880398200003 
Beale 2 23 3.1817977743250156 0.5521957477409425 -1.0 0.007569484390183555 
Beale 2 23 2.822335615981823 0.46523836117172224 -1.0 0.009118826382130067 
Beale 2 23 3.0837414024262992 0.5067608529401234 -1.0 0.005488140421048565 
Beale 2 23 3.05825931637354 0.5282973989212347 -1.0 0.005659965194511217 
Beale 2 23 3.072121638137072 0.4853061969861714 -1.0 0.025521227700938155 
Beale 2 23 4.0702304166005305 0.6815439995169574 -1.0 0.07104435093152936 
Beale 2 23 3.0821089086007643 0.5506553002015703 -1.0 0.027045318894542782 
Beale 2 23 3.1143487845022544 0.5052540936536059 -1.0 0.014152920607378763 
Beale 2 23 1.3065550405114963 -1.1927146107747117 -1.0 10.521911584707812 
Beale 2 23 3.0543771925722147 0.4781999692911757 -1.0 0.02910806210400985 
Beale 2 23 2.993961149122138 0.535530859704996 -1.0 0.033378477142692146 
Beale 2 23 3.115584762677931 0.5007144080283199 -1.0 0.02011460923707141 
Beale 2 23 3.1140430363256186 0.5016690488889985 -1.0 0.018330319847187703 
Beale 2 23 2.2848507939723546 0.3007949870289333 -1.0 0.2009343848098024 
Beale 2 23 2.553894412922565 0.39708466293352 -1.0 0.06470710643969349 
Beale 2 23 2.1280846700519613 -0.028667566937937514 -1.0 0.7370152100962732 
Beale 2 23 2.942409889574755 0.47608605573536855 -1.0 0.00237774640086255 
Beale 2 23 2.9245118588290446 0.4709029286085441 -1.0 0.0029527136978599704 
Beale 2 23 2.787176148521733 0.4278498089587058 -1.0 0.012841255086512586 
Beale 2 23 2.8625013275119473 0.46169178623470847 -1.0 0.003633302973230648 
Beale 2 23 2.9440733155458467 0.47919645578776243 -1.0 0.0014566861081498402 
Beale 2 23 2.94899402116105 0.4805779440137405 -1.0 0.001341239670541509 
Beale 2 23 2.924607833629509 0.47389165795625654 -1.0 0.001947621226894095 
Beale 2 23 2.9530481131890176 0.4821809672851847 -1.0 0.0011296715219934119 
Beale 2 23 2.9539609070838386 0.48270705446005807 -1.0 0.0010438598404683916 
Beale 2 23 2.956397722045072 0.4834001631740295 -1.0 9.925176627649096E-4 
Beale 2 23 2.958921035146607 0.4846520990427621 -1.0 8.206283783641592E-4 
Beale 2 23 2.937553558354274 0.47821243571299066 -1.0 0.0013989360110290353 
Beale 2 23 2.965126074098397 0.48681396775341534 -1.0 6.274797972129505E-4 
Beale 2 23 2.968242545321053 0.48830099559686685 -1.0 4.709885427455582E-4 
Beale 2 23 2.94402999965672 0.4795768622730267 -1.0 0.0013518236552877677 
Beale 2 23 2.960166428188937 0.4860663797041716 -1.0 5.942724490365748E-4 
Beale 2 23 2.9597851237580013 0.4863064523557928 -1.0 5.449232991022007E-4 
Beale 2 23 2.9617915547183253 0.48889389623687757 -1.0 2.9175048017841457E-4 
Beale 2 23 2.960533152632104 0.48912190917398163 -1.0 2.79463499715343E-4 
Beale 2 23 2.9617967045800953 0.4911921730144814 -1.0 2.583981455887883E-4 
Beale 2 23 1.2364732985286389 0.13440186822791783 -1.0 3.194013962964528 
Beale 2 23 1.0507183701556313 0.22754348749040912 -1.0 4.5630615511606605 
Beale 2 23 1.307636082626175 0.16256703168991285 -1.0 2.8686365546253647 
Beale 2 23 -1.3619688332932254 1.7118107867043617 -1.0 8.518113633609012 
Beale 2 23 -2.482582277994194 2.0731577607624105 -1.0 326.0588086593318 
Beale 2 23 1.1542917011141967 0.18553728627062674 -1.0 3.787412198626189 
Beale 2 23 1.0244051683015194 0.21684636835065146 -1.0 4.7047594133326385 
Beale 2 23 2.0865503899647257 -0.15726689471702182 -1.0 1.1641710525887956 
Beale 2 23 -1.989176424709382 1.500249432730148 -1.0 4.732674805697446 
Beale 2 23 1.9806306663982833 0.765438142205188 -1.0 5.4653692897072395 
Beale 2 23 1.7973346757234554 0.12104551211905298 -1.0 0.9261217345689048 
Beale 2 23 -2.5401218520342406 1.6649035288855003 -1.0 48.1017791465527 
Beale 2 23 1.6686422368038836 -0.27615130197996696 -1.0 1.7469612318286565 
Beale 2 23 1.8535423578674288 0.01893161560632029 -1.0 0.8542837049859424 
Beale 2 23 3.22679545994707 0.5208626303272111 -1.0 0.03366323687439553 
Beale 2 23 0.35731807174702634 1.3204720929968827 -1.0 18.48595699352213 
Beale 2 23 4.206608045002701 0.5338779941288685 -1.0 1.672721563022117 
Beale 2 23 4.396223830288874 1.509810372311487 -1.0 254.47832561524066 
Beale 2 23 2.8758867734506377 0.4538122128405385 -1.0 0.006458917699295619 
Beale 2 23 2.9064989660486353 0.514618298055067 -1.0 0.03392346627596993 
Beale 2 23 2.8728438322648913 0.45789453527721213 -1.0 0.004495348884696727 
Beale 2 23 2.8799989644148285 0.40027736738820363 -1.0 0.08497395306998802 
Beale 2 23 2.8673990108080503 0.465089071663091 -1.0 0.0032730076257245916 
Beale 2 23 2.826944107791133 0.4437821961358669 -1.0 0.007685941367512561 
Beale 2 23 2.834736929520976 0.4478000966841472 -1.0 0.006543047615520598 
Beale 2 23 2.4952930969541525 0.5851717131328541 -1.0 0.9837240041190285 
Beale 2 23 2.7787811455190905 0.4161590838908298 -1.0 0.019394355667282558 
Beale 2 23 1.8023828430912676 0.5301435915053151 -1.0 2.5277005682132385 
Beale 2 23 2.720191274944051 0.39852038916064686 -1.0 0.025916619587918965 
Beale 2 23 2.885100190573288 0.6119229748872987 -1.0 0.5036793452238493 
Beale 2 23 2.928076102941385 0.4649165071302981 -1.0 0.006576850055477379 
Beale 2 23 2.788530140396659 0.4391817079875738 -1.0 0.009361529344529947 
Beale 2 23 2.9884972251642186 0.4716745377867254 -1.0 0.014135264167430123 
Beale 2 23 2.9501365361847682 0.4849193628069821 -1.0 5.505311561973409E-4 
Beale 2 23 -2.1034878959945615 0.932145967006184 -1.0 18.22747738283715 
Beale 2 23 3.006273293354887 0.4934074576046579 -1.0 0.0015283487462063737 
Beale 2 23 3.8794956180888795 0.8259599231908353 -1.0 2.5825969554887425 
Beale 2 23 3.035494150393901 0.5015481290810411 -1.0 0.0014079249173265763 
Beale 2 23 3.1054827380294565 0.5311395050417594 -1.0 0.0025869065769402967 
Beale 2 23 2.5446058177207553 0.34840217105513405 -1.0 0.06053298959392974 
Beale 2 23 3.043222960366329 0.5147765753926651 -1.0 7.29731398824702E-4 
Beale 2 23 3.244367763467704 0.5949047164544305 -1.0 0.062222373533478564 
Beale 2 23 3.0412021589805636 0.5251464524343642 -1.0 0.005965366729026452 
Beale 2 23 3.0865851550525445 0.5192296841968211 -1.0 0.0011487018406464023 
Beale 2 23 3.088967630736246 0.5217826494990561 -1.0 0.0011566535464733326 
Beale 2 23 3.0470260701721914 0.5096714885797792 -1.0 4.124347299156518E-4 
Beale 2 23 3.0891996168223144 0.5212480420396992 -1.0 0.001155487960974323 
Beale 2 23 3.033058763697709 0.5053139026973115 -1.0 3.5318187865030176E-4 
Beale 2 23 3.0836860146080807 0.5293661943290331 -1.0 0.0033017653976155233 
Beale 2 23 3.0297695803826477 0.504142825435574 -1.0 3.740983974664791E-4 
Beale 2 23 3.027317430845543 0.5040766883959705 -1.0 2.796000423722961E-4 
Beale 2 23 3.021381871611519 0.5035380410324571 -1.0 1.412854711141184E-4 
Beale 2 23 3.0176039540628286 0.5037721618258362 -1.0 5.608276364425132E-5 
Beale 2 23 3.0038079669028317 0.5027784368878185 -1.0 8.066767680462893E-5 
Beale 2 23 2.9980432421853593 0.5023572640314038 -1.0 1.8738504598989333E-4 
Beale 2 23 2.9929197251947475 0.501742830294486 -1.0 2.9010301882188784E-4 
Beale 2 23 2.986461693983952 0.5008326095506084 -1.0 4.3357229207804384E-4 
Beale 2 23 2.990791803105107 0.5017469305592971 -1.0 3.877304241988276E-4 
Beale 2 23 2.995774694643316 0.5030674525997434 -1.0 3.9419332349328954E-4 
Beale 2 23 2.995239263856422 0.5026749329859254 -1.0 3.468373364746423E-4 
Beale 2 23 2.9935944754153008 0.5026502825835635 -1.0 4.210724694589361E-4 
Beale 2 23 2.993405197672271 0.5024002147962894 -1.0 3.8255832566661056E-4 
Beale 2 23 2.9959937109438095 0.5026963373502586 -1.0 3.170485694839825E-4 
Beale 2 23 2.983246913184256 0.5013058420300205 -1.0 7.310702771628679E-4 
