Bohachevsky1 2 23 -0.34918362689349314 -0.2734991312070706 -1.0 1.650877662805406 
Bohachevsky1 2 23 -2.128766495147481 0.7855507931687337 -1.0 6.72167434100408 
Bohachevsky1 2 23 -2.0277734432604695 0.25366929205484995 -1.0 5.050355291782861 
Bohachevsky1 2 23 -1.6566327514387684 0.6873863038778739 -1.0 4.970529797524721 
Bohachevsky1 2 23 -0.9593782847618887 0.5871860736771768 -1.0 2.4052619526514603 
Bohachevsky1 2 23 -0.7369541349035416 0.515851809220356 -1.0 1.1466700071303273 
Bohachevsky1 2 23 -0.9311426038312893 0.4888918501466822 -1.0 1.8879605326919815 
Bohachevsky1 2 23 3.596001715891571 -0.6370758002971753 -1.0 14.739315916881548 
Bohachevsky1 2 23 0.3167055664533249 -1.2649541130759734 -1.0 4.689801975148774 
Bohachevsky1 2 23 0.7487795086438946 1.3643329545329141 -1.0 4.822379493148908 
Bohachevsky1 2 23 -0.24503840524024117 -0.07044240397192236 -1.0 0.718699916431089 
Bohachevsky1 2 23 -0.2919603975493551 -0.22492039593949892 -1.0 1.544198628463537 
Bohachevsky1 2 23 -0.11474053003215941 -0.014689468588010514 -1.0 0.1793656740771561 
Bohachevsky1 2 23 -0.00171072855338846 -0.17686741754107033 -1.0 0.705248727448922 
Bohachevsky1 2 23 0.36542705468291026 -0.05236822653565636 -1.0 0.8089347929396017 
Bohachevsky1 2 23 0.23570674752412177 -0.14288844079410268 -1.0 1.0672736817487465 
Bohachevsky1 2 23 -0.013097664905518627 0.3272748052843686 -1.0 0.8424406201064535 
Bohachevsky1 2 23 0.10696901651054622 0.1598657139980802 -1.0 0.7722315913474834 
Bohachevsky1 2 23 22.632314101599178 18.86081568385609 -1.0 1224.1688860459237 
Bohachevsky1 2 23 32.97619613515867 -39.64142082010185 -1.0 4231.388438276981 
Bohachevsky1 2 23 36.268999641107186 36.33822451899922 -1.0 3957.4983245215553 
Bohachevsky1 2 23 -27.358781888798777 -1.7185842601634 -1.0 755.187830055153 
Bohachevsky1 2 23 -46.46296030238503 -14.430010086873914 -1.0 2575.804666726941 
Bohachevsky1 2 23 20.886917113634972 -46.126276864233 -1.0 4692.3817053990615 
Bohachevsky1 2 23 -44.81525671716158 -10.2659388290714 -1.0 2220.227374483725 
Bohachevsky1 2 23 47.95711302624527 -42.45820046549342 -1.0 5905.360362431392 
Bohachevsky1 2 23 18.912479021073587 13.886176414575822 -1.0 744.1812559401158 
Bohachevsky1 2 23 8.521335430515066 21.603249242057885 -1.0 1006.5460193577761 
Bohachevsky1 2 23 33.30012320719069 18.598526074048223 -1.0 1800.9924941139263 
Bohachevsky1 2 23 -28.943273681779203 30.389060892082483 -1.0 2685.59096138018 
Bohachevsky1 2 23 -10.551171653906756 -2.9659946719361443 -1.0 129.11830027949648 
Bohachevsky1 2 23 -19.792094529461508 30.506735656909292 -1.0 2253.4639652011124 
Bohachevsky1 2 23 -12.866227921781572 29.98210634246017 -1.0 1963.7948166173408 
Bohachevsky1 2 23 33.505091012681206 -20.268279785658798 -1.0 1945.3013366200378 
Bohachevsky1 2 23 -24.155790844277547 -19.841539142276865 -1.0 1371.7081655754425 
Bohachevsky1 2 23 -3.003918839911165 34.80972602617097 -1.0 2433.7499042739823 
Bohachevsky1 2 23 -40.50245380152042 10.064795487256326 -1.0 1843.4674756909105 
Bohachevsky1 2 23 -1.001252899961905 -43.23347996129808 -1.0 3740.661477196149 
Bohachevsky1 2 23 25.918315960960044 -8.869962868684322 -1.0 829.6214836112159 
Bohachevsky1 2 23 -33.37783218431198 -28.196952693708965 -1.0 2704.95633111208 
Bohachevsky1 2 23 14.28091376723197 -29.97952389857062 -1.0 2002.0655001206264 
Bohachevsky1 2 23 -6.868731048990973 -39.11939998795753 -1.0 3108.604489982559 
Bohachevsky1 2 23 46.69920226753833 22.04076060410401 -1.0 3152.4710777142545 
Bohachevsky1 2 23 -16.364918542786263 20.85401929855351 -1.0 1138.6818492151956 
Bohachevsky1 2 23 -44.13902126164712 -6.995417706822728 -1.0 2046.3483145632574 
Bohachevsky1 2 23 -23.795294236452968 -35.029153945695505 -1.0 3020.731088839767 
Bohachevsky1 2 23 37.69008908531859 -43.063271944364104 -1.0 5130.146230625586 
Bohachevsky1 2 23 30.83508928531657 35.828458156451376 -1.0 3519.0853573295567 
Bohachevsky1 2 23 49.26263440672207 -29.269217797374537 -1.0 4141.033931794712 
Bohachevsky1 2 23 -20.228547069945044 -21.33554622049798 -1.0 1320.6606841841892 
Bohachevsky1 2 23 31.06597138242093 -38.9711624500984 -1.0 4003.1674169148764 
Bohachevsky1 2 23 -15.097191284945845 12.371940210182768 -1.0 534.9530680325703 
Bohachevsky1 2 23 7.002410772560488 31.054381291815943 -1.0 1978.4726957003668 
Bohachevsky1 2 23 15.19116994636498 37.96946144945247 -1.0 3114.392077100808 
Bohachevsky1 2 23 -24.449944107426788 48.52187425853239 -1.0 5306.995684810752 
Bohachevsky1 2 23 -5.474139351885668 -23.69227125939804 -1.0 1153.5405218619528 
Bohachevsky1 2 23 -17.51920076419003 -42.856066750312095 -1.0 3981.0555766521074 
Bohachevsky1 2 23 37.26306497731977 -46.241985671785855 -1.0 5666.039881717951 
Bohachevsky1 2 23 6.059647300491434 -23.723719504054046 -1.0 1163.1736127609552 
Bohachevsky1 2 23 27.738363206661454 -34.66767290054466 -1.0 3174.2503225147934 
Bohachevsky1 2 23 -20.4983982252476 48.005985635444034 -1.0 5029.6393032086335 
Bohachevsky1 2 23 21.6221553481804 37.99589179684098 -1.0 3355.4677083656193 
Bohachevsky1 2 23 34.23529494249591 -38.158940667729155 -1.0 4085.311196577795 
Bohachevsky1 2 23 -29.779876760334258 -14.38242425185721 -1.0 1301.3568816905308 
Bohachevsky1 2 23 -2.7520928077592117 -38.563711161141725 -1.0 2982.1072396829995 
Bohachevsky1 2 23 -37.01935125681235 6.161135962357299 -1.0 1447.522045266713 
Bohachevsky1 2 23 39.66465178008699 -26.753980698685623 -1.0 3006.235012841804 
Bohachevsky1 2 23 31.922762698068524 3.3656303678726154 -1.0 1042.2407388984384 
Bohachevsky1 2 23 39.739317561579725 49.9098758959324 -1.0 6561.96741621391 
Bohachevsky1 2 23 41.37464999091609 -15.05684802810233 -1.0 2165.399264324711 
Bohachevsky1 2 23 -1.5483947189108207 -12.380583053496274 -1.0 309.75929681751774 
Bohachevsky1 2 23 0.47905498614067527 -0.09420941467444541 -1.0 0.8551439267709694 
Bohachevsky1 2 23 -26.561029202082118 19.152242555466795 -1.0 1439.776141556029 
Bohachevsky1 2 23 37.41020637996185 28.45177066991471 -1.0 3018.676645135963 
Bohachevsky1 2 23 10.207195840128094 -39.79623320333096 -1.0 3272.8133976778795 
Bohachevsky1 2 23 12.185613972593941 -40.20101832182368 -1.0 3381.8128129696843 
Bohachevsky1 2 23 -1.1122048560209663 14.959165438773745 -1.0 449.28909229870294 
Bohachevsky1 2 23 -39.82733627598542 -37.30710317182027 -1.0 4370.874916034272 
Bohachevsky1 2 23 -33.602023220808164 32.535146195502776 -1.0 3246.7518463445635 
Bohachevsky1 2 23 -31.234117945059147 -20.88239346744969 -1.0 1848.2036019957295 
Bohachevsky1 2 23 -1.382067431185078 -2.365045645772234 -1.0 13.577990009555704 
Bohachevsky1 2 23 -36.59228729639317 1.025865635665113 1.0 1341.1919771179505 
Bohachevsky1 2 23 1.8441674199798683 -17.97289678515883 1.0 649.743388491711 
Bohachevsky1 2 23 38.10777812957754 12.043895718818334 1.0 1742.5148434679234 
Bohachevsky1 2 23 26.824745530012947 31.03475755007929 1.0 2646.192622163316 
Bohachevsky1 2 23 -38.29751507737056 -46.65975493442779 1.0 5822.117386268639 
Bohachevsky1 2 23 -21.514529671878723 34.28676404364157 1.0 2815.138384375076 
Bohachevsky1 2 23 -12.387804597916606 -40.92470210770597 1.0 3503.8476138151796 
Bohachevsky1 2 23 15.0224558211265 49.729175774872786 1.0 5173.035713818069 
Bohachevsky1 2 23 11.261089470049072 -13.09466934176956 1.0 470.0709672180499 
Bohachevsky1 2 23 -40.47320076960437 20.575095823818884 1.0 2485.2893625458332 
Bohachevsky1 2 23 -32.79348873213732 16.448954106173588 1.0 1616.8185680648887 
Bohachevsky1 2 23 -27.091328370574207 6.5152824537283465 1.0 819.3407981566653 
Bohachevsky1 2 23 1.889164532547241 26.70104825448807 1.0 1430.3368996984057 
Bohachevsky1 2 23 19.347816623496172 -7.922262309288506 1.0 500.0414346809828 
Bohachevsky1 2 23 -23.71289084265298 28.83281662867263 1.0 2226.138045097329 
Bohachevsky1 2 23 -31.69922822070911 11.109362484088834 1.0 1252.5848252874348 
Bohachevsky1 2 23 44.30768719105885 -40.02239042495832 1.0 5167.3616231850565 
Bohachevsky1 2 23 10.563611603345933 22.99091053010244 1.0 1168.8871554226332 
Bohachevsky1 2 23 29.43786478436796 25.20170119827972 1.0 2137.702115845801 
Bohachevsky1 2 23 -10.37642006899614 -17.730217398860802 1.0 737.7546175988083 
Bohachevsky1 2 23 -44.32953601401935 18.339777644247974 1.0 2638.9737815522303 
Bohachevsky1 2 23 5.179965900741635 -41.02775004298994 1.0 3393.6711648913747 
Bohachevsky1 2 23 26.3930234150766 23.801273471884926 1.0 1830.866492593176 
Bohachevsky1 2 23 21.36838484741122 -12.745412252871859 1.0 782.314495032516 
Bohachevsky1 2 23 -42.39106878080605 30.675292952573287 1.0 3680.1428829048164 
Bohachevsky1 2 23 -0.04869350007176365 41.38201668142197 1.0 3425.340797585784 
Bohachevsky1 2 23 -23.959869064023877 1.557557937927534 1.0 579.0486508202079 
Bohachevsky1 2 23 -19.811958613473003 32.963743601768385 1.0 2566.1313193578962 
Bohachevsky1 2 23 27.69098379456014 -45.49758939034232 1.0 4907.4442033515425 
Bohachevsky1 2 23 -29.59211433124125 -25.20978560277446 1.0 2148.038754884456 
Bohachevsky1 2 23 -45.21603635095172 -24.768354342678922 1.0 3272.3874975864333 
Bohachevsky1 2 23 -16.39387986464169 45.62844067063614 1.0 4433.638249410934 
Bohachevsky1 2 23 21.92680362741538 -17.338107864170297 1.0 1082.6521538083762 
Bohachevsky1 2 23 -29.073178268205524 -6.200332347351257 1.0 923.393956148987 
Bohachevsky1 2 23 23.75353248493171 28.030616283963198 1.0 2136.1953982435653 
Bohachevsky1 2 23 -15.583912909626484 -26.397059671268007 1.0 1637.2716784664178 
Bohachevsky1 2 23 -20.428956986461767 -3.9714596483183087 1.0 449.3989116256858 
Bohachevsky1 2 23 18.560009765862404 -15.004742046464592 1.0 794.8984689100756 
Bohachevsky1 2 23 34.158770418782495 -2.8953137101903863 1.0 1184.1639714549979 
Bohachevsky1 2 23 39.56239979377554 -42.269508820372316 1.0 5139.860704572222 
Bohachevsky1 2 23 -40.69661272176328 9.97710986247425 1.0 1855.3280330731054 
Bohachevsky1 2 23 -23.172032950685928 -22.914576230267038 1.0 1587.5927202240496 
Bohachevsky1 2 23 16.225984510925016 -24.98196198204823 1.0 1511.948770677199 
Bohachevsky1 2 23 -8.425485429877902 34.37765521955555 1.0 2435.515606111718 
Bohachevsky1 2 23 35.631612156187146 -4.237785750740521 1.0 1306.9085141155344 
