Booth 2 23 1.7276106734182097 2.4560223209031036 -1.0 0.9602133138413927 
Booth 2 23 1.6203578808578423 2.5020391739431513 -1.0 0.6927330407254811 
Booth 2 23 1.502029770442543 2.539946914833415 -1.0 0.4707309000089128 
Booth 2 23 1.627655928631452 2.4276154539300725 -1.0 0.7337957362469374 
Booth 2 23 1.567865488166765 2.5308049679415214 -1.0 0.5815586263937043 
Booth 2 23 1.482429273514878 2.647674037212081 -1.0 0.42457907384698973 
Booth 2 23 1.416521532427742 2.7116679743613727 -1.0 0.3223557425881745 
Booth 2 23 1.0892527639938328 2.954812457435772 -1.0 0.017774944842092976 
Booth 2 23 -1.4515965487442148 1.784509625110729 -1.0 61.27784851119781 
Booth 2 23 1.108094723449094 3.233345658410502 -1.0 0.5324608029942742 
Booth 2 23 -0.11698728938026749 3.9666905843939446 -1.0 2.272507688711967 
Booth 2 23 0.6102157208152322 2.8126295328078026 -1.0 1.5194698813372471 
Booth 2 23 1.2431615417727195 3.625420075607729 -1.0 3.468013910575407 
Booth 2 23 1.008115426157498 3.0206680685224336 -1.0 0.0038069874621244493 
Booth 2 23 0.9790270904346923 3.0348051256115545 -1.0 0.002416580507470816 
Booth 2 23 0.9740035690646083 3.035903144455941 -1.0 0.002357422094315696 
Booth 2 23 0.9704756749328327 3.032774296423811 -1.0 0.0019880895320236007 
Booth 2 23 0.9605414883701692 3.039003943500611 -1.0 0.003079108277376757 
Booth 2 23 0.9608420866775869 3.0299966365587756 -1.0 0.002768856348364778 
Booth 2 23 0.9579315998404856 3.0016680376246048 -1.0 0.008301289813306544 
Booth 2 23 0.9626290235836695 2.993609274293781 -1.0 0.009097777544012916 
Booth 2 23 0.9696780296457573 2.9851501629591617 -1.0 0.0093019082796562 
Booth 2 23 0.7822231867093233 3.3173326722954912 -1.0 0.1877722415619862 
Booth 2 23 0.9812265220469055 2.945717873134123 -1.0 0.024647478353401468 
Booth 2 23 3.7983589752510922 -1.9283550437807566 -1.0 50.26702939973487 
