Branin 2 10000 3.141659632948917 2.2753006593365237 0.4975466323878237 0.39788750380203197 
Branin 2 20000 22.4137033288994 8.769365701600039 -1.0 701.2189294045962 
Branin 2 10000 -13.114515093379255 -20.9996027684076 -1.0 4930.875055321022 
Branin 2 4 7.150768028856126 2.7467046632275864 18.939842514372568 18.52545183291524 
Branin 2 4 7.150768014090032 2.746704646633838 18.939842514372575 18.525451902063388 
Branin 2 4 -4.09928069607237 13.107618003304374 18.939842488539817 6.994726275507914 
Branin 2 4 -4.099280745659872 13.107618042369268 18.939842488539817 6.9947269582067975 
Branin 2 4 7.1507680131437485 2.746704671466833 18.93984251437258 18.525451985315694 
Branin 2 4 -4.099280710707085 13.10761803848449 18.93984248853982 6.994726401904327 
Branin 2 4 -4.0992806648171225 13.10761802113905 18.93984248853982 6.994725710403824 
Branin 2 4 -4.099280755210071 13.107618119651471 18.93984248853982 6.994726868217435 
Branin 2 4 7.150768025795741 2.7467046405205116 18.939842514372582 18.525451788600968 
Branin 2 4 7.150768035543019 2.746704656571458 18.939842514372582 18.525451758469828 
Branin 2 4 7.1507680092522214 2.746704654530406 18.939842514372582 18.525451965300586 
Branin 2 4 -4.09928072358907 13.107618120001035 18.93984248853982 6.994726352675409 
Branin 2 4 7.150768025638121 2.7467046401417896 18.939842514372582 18.525451788725498 
Branin 2 4 7.150768003969082 2.7467046439200553 18.939842514372582 18.52545197581687 
Branin 2 4 7.150768006936969 2.7467046554548626 18.939842514372582 18.525451986875623 
Branin 2 4 7.150768021710833 2.746704645532594 18.939842514372582 18.52545183695763 
Branin 2 4 -4.099280771184334 13.107618064152682 18.93984248853982 6.994727304297506 
Branin 2 4 7.150768026467947 2.7467046513656443 18.939842514372582 18.52545181616322 
Branin 2 4 7.150768005857907 2.7467046453325032 18.939842514372582 18.525451964810166 
Branin 2 4 7.150767997378441 2.7467046605997907 18.939842514372582 18.525452079991197 
Branin 2 4 -4.099280687706635 13.107618116192423 18.939842488539824 6.994725781007007 
Branin 2 4 -4.099280734818796 13.107618132698816 18.939842488539824 6.994726495054918 
Branin 2 4 7.150768036788967 2.7467046565131836 18.939842514372586 18.52545174819613 
Branin 2 4 7.150767998839131 2.7467046405954534 18.939842514372586 18.525452007267482 
Branin 2 4 -4.099280747166857 13.107618061813923 18.939842488539824 6.994726920989802 
Branin 2 4 7.150768025581831 2.7467046622688818 18.939842514372586 18.525451856529926 
Branin 2 4 -4.099280757433883 13.10761809129503 18.939842488539824 6.994726994423085 
Branin 2 4 7.150768010162661 2.7467046529349353 18.939842514372586 18.525451953066852 
Branin 2 4 7.150768026452374 2.7467046515794284 18.939842514372586 18.525451816940112 
Branin 2 4 7.150768025558294 2.7467046616202992 18.939842514372586 18.525451854746564 
Branin 2 23 6.192807189307384 1.8269238779034664 25.964597288096904 20.093993320170092 
Branin 2 23 6.192807223609714 1.8269239013480425 25.964597288096904 20.093993383644147 
Branin 2 23 -1.2904926738842093 5.397112175659666 25.91682033536951 20.90427223047852 
Branin 2 23 -1.2904926271407122 5.397112178990755 25.91682033536951 20.904272125835412 
Branin 2 23 -1.2904926308608546 5.3971121862136435 25.91682033536951 20.904272091153846 
Branin 2 23 -1.2904926839716206 5.3971122396589655 25.91682033536951 20.904271881331297 
Branin 2 23 -1.290492702540909 5.3971122063298935 25.91682033536951 20.904272106737167 
Branin 2 23 -1.290492706610509 5.397112234620557 25.91682033536951 20.904271951685335 
Branin 2 23 -1.2904927151117536 5.397112244710264 25.91682033536951 20.90427190928355 
Branin 2 23 -1.2904927264897905 5.397112214623936 25.91682033536951 20.904272102908408 
Branin 2 23 -1.2904926754235948 5.397112216685496 25.91682033536951 20.904271997649534 
Branin 2 23 6.192807182875169 1.8269239232593928 25.964597288096904 20.093993380781033 
Branin 2 23 -1.2904926953524831 5.3971122155256595 25.91682033536951 20.90427204076822 
Branin 2 23 -1.2904926672346266 5.397112214564713 25.91682033536951 20.904271994850497 
Branin 2 23 6.192807203452567 1.8269238834209365 25.964597288096904 20.093993340295704 
Branin 2 23 -1.2904927012905891 5.397112243962015 25.91682033536951 20.9042718882977 
Branin 2 23 -1.2904927188915867 5.397112194291884 25.91682033536951 20.904272205792367 
Branin 2 23 -1.2904927038906702 5.397112218245943 25.91682033536951 20.904272040762677 
Branin 2 23 11.427312186606827 6.206601266313764 31.52540646695282 16.34171514873936 
Branin 2 23 11.422689395891423 6.208606161759862 28.6592668954658 16.32671001139446 
Branin 2 23 11.422689355107543 6.208606172055035 25.368140314110782 16.32670985650865 
Branin 2 23 11.422689393104154 6.2086061704920805 20.557838022521235 16.32671002541958 
Branin 2 23 11.302325423038784 6.277184613106159 17.083679994289074 16.00777296960335 
Branin 2 23 1.8608507287430962 4.080732102388499 44.55020874350857 7.607817485676959 
Branin 2 23 1.8608507228062474 4.080731999906381 41.88023542090842 7.6078174104938565 
Branin 2 23 1.8608507116215087 4.080732065128695 39.210262099104575 7.607817576238702 
Branin 2 23 1.8608506841756203 4.080732044437994 33.34317219153712 7.607817767865328 
Branin 2 23 1.8608506894249488 4.080732042428695 27.47608228317337 7.607817724113956 
Branin 2 23 1.8608507358692217 4.080732053372856 22.83575349543932 7.607817371197461 
Branin 2 23 1.8575062255535038 4.07795652656978 18.21415012922438 7.6309218944693 
Branin 2 23 1.8546429596280891 4.075630227998531 15.858444912105249 7.650848459235359 
Branin 2 23 1.854642949475437 4.075630225010745 13.484251466298243 7.650848536168543 
Branin 2 23 1.8546429411991112 4.075630226613864 9.642667261865526 7.650848603592998 
Branin 2 23 1.8546429502403723 4.075630228763899 7.75084847171599 7.650848534486048 
Branin 2 23 1.8546429495474004 4.075630211966775 7.750848404291538 7.6508485203884815 
Branin 2 23 2.9027572208625947 -2.876475995842837 36.98830511807528 29.24057769596503 
Branin 2 23 3.606824595751441 5.829731431759563 32.991819641148965 16.547303280195116 
Branin 2 23 -0.13195139242680562 6.942870937489283 33.457394307411114 20.05243942810286 
Branin 2 23 -0.13195137386429148 6.9428709447818235 26.96419872626368 20.052439506303713 
Branin 2 23 -0.14818587060935984 6.943959805154146 20.1521762212424 19.994295689972564 
Branin 2 23 9.0718120119747 1.3559770887737805 20.87815428512934 1.6910530255592402 
Branin 2 23 -1.2001993128343247 8.365242401376111 19.49970253079967 13.549965512952594 
Branin 2 23 9.02876908312625 1.3523491048667255 17.819569376854194 1.795282937483469 
Branin 2 23 14.308597096979893 10.898851109114991 18.530201420795052 9.857632749026713 
Branin 2 23 14.308597096321005 10.89885111466894 16.8518229181402 9.8576327722384 
Branin 2 23 8.983446563274086 1.3452185949908668 13.895478868438591 1.9304990814750393 
Branin 2 23 8.98344652005725 1.3452185072334315 11.341556797306549 1.930499346748789 
Branin 2 23 8.983446514583445 1.3452184141151775 7.563696875669085 1.9304995087107972 
Branin 2 23 14.30859708752335 10.89885112201253 9.957632749026713 9.857632918742608 
Branin 2 23 8.983446763611967 1.3452185506786138 4.56319571436839 1.9304985579244498 
Branin 2 23 9.058853202004201 1.2817906439101905 3.3076409451741657 1.8469308152382364 
Branin 2 23 9.10448184899387 1.243488483912063 2.393241606128359 1.8360510565555153 
Branin 2 23 9.070596500452787 1.2732958607227545 1.9827526350986115 1.838720678944286 
Branin 2 23 9.064822975542278 1.2786813842082094 1.990175519970772 1.8403186363008839 
Branin 2 23 9.067748078723543 1.297836473308756 1.9974987297569022 1.799906204388197 
Branin 2 23 9.074966677776946 1.2969510622486964 1.9937986020932748 1.787228422941137 
Branin 2 23 9.082940615230303 1.296733395804352 1.944919289172553 1.7725146722071372 
Branin 2 23 9.08766083875533 1.302143526923765 1.9357951753072538 1.754090368000746 
Branin 2 23 9.088113148526164 1.3157479410453354 1.9216175809137077 1.7288744110190866 
Branin 2 23 9.093467731057252 1.3235461142993272 1.8851856882856701 1.7053710428256323 
Branin 2 23 9.105331749933518 1.3248885135591109 1.8795294897023558 1.6826035288808328 
Branin 2 23 9.119360799543639 1.3317943564537558 1.8508103923136825 1.6479975357874537 
Branin 2 23 9.13572241744421 1.345613508028415 1.824173569875739 1.5996989207858014 
Branin 2 23 9.166282941134549 1.3617271317027142 1.782231123871893 1.5338709378514626 
Branin 2 23 9.246985928775693 1.4015410146508809 1.7593504871638532 1.4096376940094082 
Branin 2 23 9.324052756740556 1.6435042036391883 1.6858900247583914 1.0058241836285013 
Branin 2 23 9.723071896695838 2.092221349935062 1.2052053523686257 1.239098348219148 
Branin 2 23 10.04753898114712 1.8284682782212043 1.1078561671439353 3.6936324822188826 
Branin 2 23 10.04753898211169 1.8284682653409434 1.1078561671439355 3.6936325214668546 
Branin 2 23 10.047538979926557 1.8284682863213764 1.1078561671439353 3.6936324525907915 
Branin 2 23 10.047538969451992 1.828468276429659 1.1078561671439355 3.6936323923880323 
Branin 2 23 10.047538959610742 1.8284682659727458 1.1078561671439355 3.693632338668168 
Branin 2 23 10.04753898152758 1.8284682726654462 1.1078561671439355 3.693632498861321 
Branin 2 23 10.047538990281858 1.828468270104705 1.1078561671439355 3.6936325756388992 
Branin 2 23 10.047538977578682 1.8284682718284635 1.1078561671439353 3.693632469096775 
Branin 2 23 10.047538978789461 1.82846827598993 1.1078561671439355 3.69363246867994 
Branin 2 23 10.04753897020312 1.8284682661172451 1.1078561671439353 3.693632423641108 
Branin 2 23 10.047538964182921 1.8284682681716866 1.1078561671439355 3.6936323701250267 
Branin 2 23 10.04753897260289 1.8284682705431723 1.1078561671439355 3.693632432155777 
Branin 2 23 10.047538982469206 1.8284682643691808 1.1078561671439355 3.6936325267216867 
Branin 2 23 10.047538989638742 1.8284682774004521 1.1078561671439355 3.6936325526283174 
Branin 2 23 10.047538989603957 1.8284682637583636 1.1078561671439355 3.6936325856878955 
Branin 2 23 10.047538972809098 1.8284682746081633 1.1078561671439353 3.6936324238824767 
Branin 2 23 10.04753897794387 1.8284682789582147 1.1078561671439353 3.6936324546141712 
Branin 2 23 10.047538989449214 1.8284682565544015 1.1078561671439355 3.6936326020470656 
Branin 2 23 10.04753897870931 1.8284682733216218 1.1078561671439353 3.6936324745553435 
Branin 2 23 10.047538993382883 1.828468265797476 1.1078561671439355 3.693632611145368 
Branin 2 23 10.047538977827573 1.8284682659188358 1.1078561671439355 3.69363248554418 
Branin 2 23 10.047538983663804 1.8284682719694563 1.1078561671439353 3.6936325177704283 
Branin 2 23 10.04753899240773 1.8284682604037066 1.1078561671439355 3.6936326164718896 
Branin 2 23 10.047538989852303 1.8284682628081619 1.1078561671439355 3.693632590010612 
Branin 2 23 10.047538975313014 1.8284682726427768 1.1078561671439353 3.693632448855767 
Branin 2 23 10.04753896905622 1.828468280039719 1.1078561671439353 3.6936323803773217 
Branin 2 23 10.047538987812544 1.8284682605489286 1.1078561671439355 3.6936325791008153 
Branin 2 23 10.047538974033108 1.828468285853555 1.1078561671439355 3.6936324062598738 
Branin 2 23 10.047538995887201 1.8284682591300299 1.1078561671439355 3.6936326476132217 
Branin 2 23 10.047538973346267 1.828468271805835 1.1078561671439353 3.693632435058185 
Branin 2 23 10.047538968948077 1.8284682753807944 1.1078561671439355 3.6936323908920894 
Branin 2 23 10.047538969695896 1.8284682673569401 1.1078561671439353 3.6936324165255208 
Branin 2 23 10.047538984466296 1.8284682669240029 1.1078561671439353 3.6936325365653806 
Branin 2 23 10.047538989058957 1.8284682586866938 1.1078561671439355 3.6936325936922936 
Branin 2 23 10.04753896335168 1.8284682788991597 1.1078561671439355 3.6936323372122537 
Branin 2 23 10.04753897630532 1.8284682842867692 1.1078561671439355 3.6936324283925623 
Branin 2 23 10.047538986746032 1.8284682658379698 1.1078561671439355 3.693632557583764 
Branin 2 23 10.047538974143146 1.8284682784264954 1.1078561671439355 3.6936324252972064 
Branin 2 23 10.047538983496047 1.8284682862715573 1.1078561671439355 3.693632481466296 
Branin 2 23 10.047538980656032 1.8284682742905254 1.1078561671439353 3.6936324878691194 
Branin 2 23 10.04753896562476 1.828468252488213 1.1078561671439355 3.693632420068349 
Branin 2 23 10.047538987521175 1.8284682730310002 1.1078561671439355 3.6936325462488897 
Branin 2 23 10.047538973601648 1.828468282905547 1.1078561671439355 3.6936324099888997 
Branin 2 23 10.04753898523029 1.8284682546895121 1.1078561671439355 3.6936325726194372 
Branin 2 23 10.047538982605868 1.8284682649216886 1.1078561671439353 3.693632526472287 
Branin 2 23 10.047538982752332 1.8284682637748215 1.1078561671439355 3.6936325304549342 
Branin 2 23 10.047538975182912 1.828468275421923 1.1078561671439353 3.693632441015807 
Branin 2 23 10.047538971590601 1.8284682816346063 1.1078561671439355 3.6936323968951044 
Branin 2 23 10.047538987489048 1.8284682765220914 1.1078561671439355 3.6936325374582406 
Branin 2 23 10.047538978072357 1.8284682851515939 1.1078561671439353 3.6936324405132446 
Branin 2 23 10.047538975367587 1.8284682816367557 1.1078561671439355 3.693632427315068 
Branin 2 23 10.047538967546716 1.8284682953613287 1.1078561671439355 3.6936323307732852 
Branin 2 23 10.047538983644515 1.8284682730871866 1.1078561671439355 3.6936325148834355 
Branin 2 23 10.04753898581304 1.8284682670176018 1.1078561671439355 3.6936325471852207 
Branin 2 23 10.047538985414722 1.8284682774821608 1.1078561671439355 3.69363251840236 
Branin 2 23 10.047538978292124 1.8284682852513994 1.1078561671439353 3.693632442039653 
Branin 2 23 10.04753896209441 1.8284682922062463 1.1078561671439355 3.69363229456334 
Branin 2 23 10.04753898263104 1.8284682647639787 1.1078561671439353 3.6936325270604886 
Branin 2 23 10.047538976111115 1.8284682534032062 1.1078561671439355 3.693632502304223 
Branin 2 23 10.047538981324344 1.8284682710852818 1.1078561671439353 3.693632501085915 
Branin 2 23 10.047538972055229 1.82846827273527 1.1078561671439353 3.693632422386889 
Branin 2 23 10.04753898093944 1.8284682846632045 1.1078561671439355 3.6936324648023806 
Branin 2 23 10.04753898790984 1.828468279172622 1.1078561671439355 3.693632534370291 
Branin 2 23 10.047538957004601 1.8284682723297307 1.1078561671439355 3.693632302138818 
Branin 2 23 10.047538973569463 1.8284682731867345 1.1078561671439353 3.6936324334813504 
Branin 2 23 10.047539002519418 1.8284682639010525 1.1078561671439355 3.6936326893786706 
Branin 2 23 10.047538984733958 1.8284682636113327 1.1078561671439353 3.6936325468173186 
Branin 2 23 10.04753898113552 1.8284682726999495 1.1078561671439355 3.693632495618793 
Branin 2 23 10.04753897597082 1.8284682750019319 1.1078561671439353 3.6936324483891507 
Branin 2 23 10.047538974435048 1.8284682719164222 1.1078561671439355 3.6936324435585064 
Branin 2 23 1.1541801815203319 1.719476701353671 35.11428732261155 20.727449373928525 
Branin 2 23 1.1541754598842289 1.719471578118923 33.29185274082567 20.7275495815216 
Branin 2 23 1.1541739861029279 1.7194719658106843 29.253234362343463 20.7275704658678 
Branin 2 23 1.1824933795276995 1.8092045226248608 24.236417800043277 19.832828146634036 
Branin 2 23 1.2138141747270503 1.9081035834805562 22.743525929923383 18.87974860001411 
Branin 2 23 1.219249832836927 1.9251476191673595 20.719862000067113 18.718615652081166 
Branin 2 23 1.2382999727863395 1.9847020735930927 20.656982912142194 18.163294607195937 
Branin 2 23 1.262090784860486 2.0586748288361214 20.374241610057908 17.490207275914862 
Branin 2 23 1.2952965906947718 2.161103687899555 20.19057281055783 16.588527465208706 
Branin 2 23 1.333953610370724 2.2790428536758265 19.92717129130732 15.593764908695405 
Branin 2 23 1.3805172048620644 2.41858619620756 18.99435114244384 14.474462535522683 
Branin 2 23 1.461476622228834 2.652786465737642 17.75288917180888 12.730152241914535 
Branin 2 23 1.524579743949598 2.8278592907711393 16.928315837376182 11.537663419782357 
Branin 2 23 1.5881421050596396 2.9994811746439742 15.881018800974601 10.47143898827501 
Branin 2 23 -4.170186764204871 14.67560478843026 17.37647147054551 5.088360263899276 
Branin 2 23 1.7403855066759513 3.3853324114279153 13.270513682724506 8.435099819967089 
Branin 2 23 1.8192401691684494 3.576878121278638 11.074294448770104 7.640881304317595 
Branin 2 23 1.8725985213534808 3.705498575039172 9.29338184159019 7.200064147921177 
Branin 2 23 -4.170186710897555 14.67560468199895 10.269707319002949 5.088359810536619 
Branin 2 23 1.9471270448686235 3.8777889262968466 7.661177423747889 6.708253476480548 
Branin 2 23 1.9851111795561067 3.960092594501438 7.227131690780313 6.507161354216116 
Branin 2 23 -4.170186703874376 14.675604676136924 7.9948686502814805 5.088359747411451 
Branin 2 23 2.0692638082603185 4.139859929184521 6.741926239012785 6.183903254430558 
Branin 2 23 2.136274518119619 4.275487455152819 6.353130468165885 6.034218836456228 
Branin 2 23 -4.170186700572531 14.675604669395344 5.188418568474056 5.088359719392348 
Branin 2 23 -4.170186688217006 14.67560464509124 5.188005705430111 5.088359614160705 
Branin 2 23 2.186421813252725 4.378602927164054 6.110333453251387 5.994764889672679 
Branin 2 23 -4.17018668790654 14.675604623136831 5.188544025214444 5.088359620396787 
Branin 2 23 2.193077094579058 4.404660164917212 6.093876271642997 6.025404857289342 
Branin 2 23 2.230430457207047 4.476748674886935 6.0107594111240665 6.030791332217103 
Branin 2 23 2.25047370492731 4.535025511976792 5.943038243624628 6.103555410827655 
Branin 2 23 2.257516629965035 4.532185899975713 5.989194124352326 6.063609042758683 
Branin 2 23 -4.170186668716571 14.675604625241226 5.1887220044338775 5.088359440375338 
Branin 2 23 2.319542859937966 4.636680111597103 5.94348586459268 6.131303590722189 
Branin 2 23 2.8928397408783044 -1.5475442206493362 29.23053831294182 16.890281400399644 
Branin 2 23 3.0431887035067917 -1.6613971086844543 23.25259678105245 16.55966134410472 
Branin 2 23 3.0176715363906967 -1.5876280624077475 19.0811992176104 16.163044767273696 
Branin 2 23 2.999561153548409 -1.5409655705464913 17.500885301090012 15.93425890516458 
Branin 2 23 2.9955748061022716 -1.48246828206526 17.23257913235033 15.508689898083823 
Branin 2 23 3.0652575412749044 -1.4988080009699831 16.927651062779788 15.126106682876976 
Branin 2 23 3.2479820626121216 -1.46607428148315 16.3490863445535 13.844613774357148 
Branin 2 23 3.2517540794131237 -1.3738847035603747 16.083410478168485 13.162051707577382 
Branin 2 23 3.2985197464961384 -1.2889940442863543 15.854887576021213 12.382484158445534 
Branin 2 23 3.3417795456444797 -1.1802177306300008 15.589496781584348 11.507894687783898 
Branin 2 23 3.4290285518002213 -1.0826448288091683 15.273064537098449 10.6775565430117 
Branin 2 23 3.5288530300978476 -0.9748804106304647 14.654502860510172 9.913498185082442 
Branin 2 23 3.634492461789571 -0.8726426906587056 13.756329670573786 9.350868681091836 
Branin 2 23 3.7877290787702442 -0.6948432347766013 12.532845694070021 8.683321176316351 
Branin 2 23 3.8425055090533697 -0.475396081616465 10.686943050053337 7.80196405841736 
Branin 2 23 3.8148678730166763 -0.2412635589583296 9.152140072477886 6.694753948211668 
Branin 2 23 3.782825273694381 -0.17834829879171443 8.336257300650207 6.330881668394459 
Branin 2 23 3.7451619212365 -0.13060289237822817 7.4658091911028155 6.022622727286624 
Branin 2 23 3.6738465904922255 0.02051887795017095 6.598241674677711 5.24554941857153 
Branin 2 23 3.601009217573829 0.12949163860920315 6.370937973852239 4.685906784333891 
Branin 2 23 3.477309759510908 0.25105494850846044 5.867227239787693 4.090569410612641 
Branin 2 23 3.4287050603734537 0.36364697797684753 5.5884865330197595 3.6744704325864177 
Branin 2 23 3.3585239978641446 0.49824090201089727 4.853246047755972 3.226843327073272 
Branin 2 23 3.334190374128426 0.6552518108655158 4.116758052591659 2.7491088404927577 
Branin 2 23 3.2732069481247796 0.785176698021574 3.4385479465822586 2.4114220264237147 
Branin 2 23 3.2962640055095878 0.9407375710067085 2.9133969205964703 1.9929497929330982 
Branin 2 23 3.284071222795838 1.0217437494605555 2.6420212326960715 1.8056727466619424 
Branin 2 23 3.2412397761754073 1.0791255494965477 2.3894686330373625 1.6986806404167751 
Branin 2 23 3.200943977744415 1.142409266188897 1.9914565048953556 1.5958420537118911 
Branin 2 23 3.1571194695186833 1.1591658434237506 1.9330962092677426 1.6173233487502063 
Branin 2 23 3.0948489705792355 1.205331398548998 1.7238695421654038 1.6325062248100934 
Branin 2 23 3.0589492627871415 1.2108535491787273 1.6914666934924871 1.706382349108246 
Branin 2 23 3.1353545777687604 1.243001043107173 1.699755243056929 1.4731711019881875 
Branin 2 23 3.110252512047107 1.2954364291034182 1.6090840157509358 1.4108823685955976 
Branin 2 23 3.0627514393661204 1.3436969797613205 1.522926070103031 1.4149381825398777 
Branin 2 23 3.090643306161526 1.4205841236061374 1.4605284517894148 1.2104500030882974 
Branin 2 23 3.10768687510797 1.5084529793180617 1.3599393004345792 1.032472853867647 
Branin 2 23 3.0372621584373043 1.6033374877878583 1.129335364561384 1.019266049377519 
Branin 2 23 3.026181305231825 1.6491935840346639 1.0966164328625958 0.976617200401023 
Branin 2 23 3.032867645919582 1.6841255622557771 1.074705793824807 0.9131740279861322 
Branin 2 23 2.989627019996423 1.7395700343390332 1.006227979818057 0.940098183890564 
Branin 2 23 3.266210495406921 1.8479313655388772 0.9404853530814763 0.5825007025520499 
Branin 2 23 3.2925465002474326 2.0018545753613344 0.6997879212668059 0.5321616665764086 
Branin 2 23 3.358511067442434 2.0704547868511702 0.6238956468428394 0.6246286744022669 
Branin 2 23 3.334798999100661 2.100176678248438 0.6184092068734064 0.577387076915354 
Branin 2 23 3.2929323032331306 2.1759813206665597 0.5868043274903003 0.5078970222442951 
Branin 2 23 3.288487378845641 2.227174296139474 0.5812867068462255 0.5053875173208571 
Branin 2 23 3.3127454011134705 2.320475976554626 0.48432289240206583 0.5688663885791083 
Branin 2 23 3.363229066070424 2.3637171092891904 0.46633076246605776 0.697899774838044 
Branin 2 23 3.3377093363115193 2.258658886429474 0.5880907842714311 0.5992807185173099 
Branin 2 23 3.2840147168301304 2.3004355255842746 0.592015825623555 0.5130326998791279 
Branin 2 23 3.2468742640004904 2.3183139501316306 0.5913289275501038 0.46642691889908683 
Branin 2 23 3.2107993910057524 2.356049031972583 0.5649977650297755 0.43893703390435057 
Branin 2 23 3.192046427240727 2.380928636851407 0.5382246176167007 0.4311157788958262 
Branin 2 23 3.178748258819784 2.429481063353833 0.5295067639464355 0.43810578142478285 
Branin 2 23 3.157182656142214 2.48223807262888 0.5255327627273345 0.44717508572353104 
Branin 2 23 3.15878222554423 2.6216389564722595 0.5049415990439372 0.5289104319605649 
Branin 2 23 3.3064108915416006 2.6083883294996757 0.5038700533724061 0.7381567661905049 
Branin 2 23 3.454209480416021 2.594255976103771 0.4904543708943856 1.1662532815804152 
