Exp2 2 23 19.999999306051965 11.893839650089111 -1.0 2.957167427371322 
Exp2 2 23 19.999890070175635 11.364642583840794 -1.0 2.9571703919026264 
Exp2 2 23 6.490729199926691E-4 4.50030004460352E-4 -1.0 159.85393572439955 
Exp2 2 23 3.1157041565676136 2.6607151031854696E-4 -1.0 224.1364656742997 
Exp2 2 23 2.4324056214965926 2.777250475051647 -1.0 3.661809355719485 
Exp2 2 23 19.996230486053477 19.99014056047228 -1.0 2.9572697280462523 
Exp2 2 23 19.999842953798762 13.801477560924134 -1.0 2.9571716705952187 
Exp2 2 23 19.999950257575097 11.670109709517003 -1.0 2.957168758484291 
Exp2 2 23 19.999963354930568 11.856279400836119 -1.0 2.957168403038142 
Exp2 2 23 19.999964352476994 12.051187038020307 -1.0 2.9571683759659764 
Exp2 2 23 19.999996069121426 12.198647645367773 -1.0 2.9571675152172703 
Exp2 2 23 19.999999801461882 12.260323177791534 -1.0 2.9571674139265647 
Exp2 2 23 19.99999403197273 12.515150507874045 -1.0 2.9571675705027665 
Exp2 2 23 19.999999958356558 12.581423525425981 -1.0 2.9571674096686547 
Exp2 2 23 19.999988322972104 12.642079303690705 -1.0 2.957167725437483 
Exp2 2 23 19.999999906593725 12.513512075793372 -1.0 2.9571674110734287 
Exp2 2 23 19.999999919156515 12.517935848031733 -1.0 2.957167410732491 
Exp2 2 23 19.999994180655584 2.7051787513292393E-5 -1.0 253.06114875039722 
Exp2 2 23 19.999988086137037 1.8305102703712646 -1.0 2.957167611766773 
Exp2 2 23 19.999986078530867 1.883319649406159 -1.0 2.957167715523449 
Exp2 2 23 19.999993244309564 1.8721876589379995 -1.0 2.957167512713841 
Exp2 2 23 19.99998873858214 1.8702252017275587 -1.0 2.957167633424389 
