GoldsteinPrice 2 23 1.9999907502018188 0.6545932296149236 -1.0 860.8120383999546 
GoldsteinPrice 2 23 -0.3285880085001652 -0.6548739012797755 -1.0 34.105810471890344 
GoldsteinPrice 2 23 -0.3185126037093931 -0.6668261685519505 -1.0 33.53052282295217 
GoldsteinPrice 2 23 -0.21388619924373656 -0.6595418572502172 -1.0 47.593786932800384 
GoldsteinPrice 2 23 -0.600000635882938 -0.8596363806078243 -1.0 353.7893024162313 
GoldsteinPrice 2 23 -0.22746275335061425 -0.6589155841398698 -1.0 45.068478001726646 
GoldsteinPrice 2 23 0.2518784292323435 -1.3385253218127184 -1.0 221.05074428685793 
GoldsteinPrice 2 23 -0.4942377297282164 -0.5968255279878488 -1.0 45.41315721908996 
GoldsteinPrice 2 23 0.26451069592630294 -0.3687245271560607 -1.0 516.6922881296665 
GoldsteinPrice 2 23 -0.14800917971597655 -0.6445834929634595 -1.0 70.27065282313603 
GoldsteinPrice 2 23 -0.1331308345638807 -1.9928133794104048 -1.0 66339.55491231453 
GoldsteinPrice 2 23 -0.1793145156144818 -0.9126916832013171 -1.0 16.544570161573542 
GoldsteinPrice 2 23 0.13182269733913057 -1.0929408520248625 -1.0 17.954029717395972 
GoldsteinPrice 2 23 -0.12090538351812541 -1.1335498588546389 -1.0 14.656453489187617 
GoldsteinPrice 2 23 -0.45919592108013346 -1.2717750211851047 -1.0 97.14024390726951 
GoldsteinPrice 2 23 0.03778447281910413 -1.2144085956235278 -1.0 66.7014721394384 
GoldsteinPrice 2 23 -0.10689443595510251 -1.0048794832972623 -1.0 6.318454884820441 
GoldsteinPrice 2 23 -0.03829504630630815 -0.9643429470303764 -1.0 4.093742275877955 
GoldsteinPrice 2 23 -0.06758805456850016 -0.9765535290036232 -1.0 4.665091799002782 
GoldsteinPrice 2 23 -0.011346513971972772 -0.9478361130781917 -1.0 4.280966210172827 
GoldsteinPrice 2 23 0.0447804803902271 -0.9227944027431582 -1.0 5.5057705737398 
GoldsteinPrice 2 23 -0.00581700830190505 -1.0096374261760406 -1.0 3.036961564578805 
GoldsteinPrice 2 23 -0.00211660356006409 -1.024237759202503 -1.0 3.2558736457639794 
