Kowalik 4 10000 -3.791419197748428 4.463021091938328 4.03871350699052 3.344497208158832 -1.0 39.1067234533713 
Kowalik 4 45 1.1389042622584608E-4 4.999990889624845 0.0010558383426204415 4.999671601088066 -1.0 0.14819837241642986 
Kowalik 4 45 4.8281746454451806E-5 1.7421571072314648E-4 2.673437489842666 1.5264429987409804 -1.0 0.14839069615337205 
Kowalik 4 45 2.5500681290760853E-4 4.999954975565405 2.356383061445515 4.992840807200272 -1.0 0.1480727405216943 
Kowalik 4 45 8.633292032300125E-5 0.0043268211634810054 3.4316727589842895 4.999068601506089 -1.0 0.1483846480448804 
Kowalik 4 45 2.2120245813897176E-7 1.9055683584087753 3.130059545370936 2.016750322579 -1.0 0.14841298325145774 
Kowalik 4 45 0.001024146055949304 4.997683959469708 3.0666840329939387 4.0830543674737 -1.0 0.14705703021416605 
Kowalik 4 45 4.642586971221344E-6 1.9025958810607924 2.4308568857650137 4.994216428031043 -1.0 0.14840976899098512 
Kowalik 4 45 0.011555218408936075 2.3482074163394104 4.943325228792539 4.58040850852359 -1.0 0.14106160924410316 
Kowalik 4 45 0.05064858069357482 4.618993048975214 4.546266099823216 4.430813593465449 -1.0 0.10061271423019569 
Kowalik 4 45 1.337303161405535E-4 2.8071725289338616 4.998894165681969 4.277394803547047 -1.0 0.14831600381816387 
Kowalik 4 45 3.7045237024426326E-5 4.999995419760696 4.999892582079326 4.7839577139008895 -1.0 0.1483750245741081 
Kowalik 4 45 1.036451497514081E-5 4.99996908042745 1.7135162000660655 3.7407107957148984 -1.0 0.14839618103042018 
Kowalik 4 45 4.683282568707743E-5 0.0017275052168865246 4.4832758302641675 3.4584706729774313 -1.0 0.1483982537873005 
Kowalik 4 45 4.6455217673675595E-6 3.514662999373739 3.3508493824539483 2.7431053743579983 -1.0 0.14840785735812695 
Kowalik 4 45 0.0026887675817164496 4.941242570256189 1.3417964903050774 3.143713488776459 -1.0 0.14348102778202906 
Kowalik 4 45 0.006473727797042749 0.042294154702259945 0.2316417978942148 3.060407230064061 -1.0 0.144284812001607 
Kowalik 4 45 1.420295641434545E-5 9.952301921067046E-5 3.9508579789650082 1.5914373336799383 -1.0 0.14840772622416368 
Kowalik 4 45 5.082267272446467E-4 2.3967797878891735 4.996628439875427 4.999751020345114 -1.0 0.1480921223218644 
Kowalik 4 45 0.02403595878975889 0.9292397598548734 2.6618512171929027 3.317461878134585 -1.0 0.1342468767655338 
Kowalik 4 45 0.002980432538213406 4.9733453807031855 0.03443683477201587 2.3591331950633707 -1.0 0.14033938459605752 
Kowalik 4 45 0.8479947595264135 0.6868656194822748 4.013721985493493 3.9983976556544882 -1.0 0.0799975767643558 
Kowalik 4 45 0.6064575587883533 5.573083443950428E-6 3.390956026020846 2.847131882211087 -1.0 0.04931939116735493 
Kowalik 4 45 0.5791243966059771 4.7338969299366175E-4 3.433005254174157 2.7943880639110583 -1.0 0.04792762753225023 
Kowalik 4 45 0.6597192813093542 5.622908601621941E-7 3.577438495373664 2.806084210098906 -1.0 0.05165224932885736 
Kowalik 4 45 0.6549675089005995 1.7184539054695202E-4 3.4868326592077716 2.8428376333197667 -1.0 0.05193028534082372 
Kowalik 4 45 0.5777731932487011 0.007950535042596766 3.2567629837854395 2.7761646297705003 -1.0 0.04796743472470898 
Kowalik 4 45 0.5509329062318156 1.3227692235664927E-4 3.280238813718871 2.74168028446844 -1.0 0.047307667638310485 
Kowalik 4 45 0.01004994944325932 4.9672434273302315 0.15168350452755855 1.495401006615428 -1.0 0.1173027199024527 
Kowalik 4 45 0.3193108934003135 3.183086134952811E-5 2.9659915920444835 2.6301501321235463 -1.0 0.060067057745826304 
Kowalik 4 45 0.0020857957781328373 3.955625677971005 3.3108484382167616 4.45188650258773 -1.0 0.1462079726837084 
Kowalik 4 45 0.7930445131669234 3.917919178631057E-5 3.391176031198952 2.9568815641612614 -1.0 0.07079536546156871 
Kowalik 4 45 0.33857891612376256 1.3205154116460336 3.9715797045458836 3.5838390219091374 -1.0 0.02806443476912366 
Kowalik 4 45 0.3350728081704365 1.5531764011802436 4.030158787206581 3.727508343324069 -1.0 0.024995283017914108 
Kowalik 4 45 0.09901223028487244 1.8004030758940537 4.4248186158270055 3.708681220704259 -1.0 0.09355829731508808 
Kowalik 4 45 0.3984648549340631 2.1063756568111027 3.9956082871563883 3.873600249911812 -1.0 0.015939870726218212 
Kowalik 4 45 6.926432228211414E-5 1.9562391904181011 4.776776241187866 8.922543052221746E-4 -1.0 0.14833826352858218 
Kowalik 4 45 9.103533650518148E-6 4.779423805796731 4.999092090882955 2.7928908017626206 -1.0 0.14840249470940373 
Kowalik 4 45 4.977904287566831E-4 3.8367468211203724 0.0014265753764188815 4.989427249761805 -1.0 0.14762939368926312 
Kowalik 4 45 8.478101902856071E-6 1.336893371471993 5.585174177663612E-4 1.5180777662868474 -1.0 0.14840023545735348 
Kowalik 4 45 4.873939360803391E-5 1.1981472118931588E-4 4.992844424337667 2.7094553181861776 -1.0 0.14839786284771353 
Kowalik 4 45 1.5530229975387118E-6 2.5367350798843487 2.2043566257822294 2.897120461131534 -1.0 0.14841151320958865 
Kowalik 4 45 0.04364615823460601 4.844426808588026 4.5192125660867175 0.0399242097089586 -1.0 0.0768370926858761 
Kowalik 4 45 0.01270061490209394 4.978590477970862 4.70469052812614 0.0647663979048473 -1.0 0.12366272461839008 
Kowalik 4 45 0.38560109933838704 4.950791805300357 0.013016490297393601 0.015918444913759915 -1.0 329.82833917292044 
Kowalik 4 45 0.0033471071491440905 2.4619007502995003 2.1663729303672894 0.006891316916964718 -1.0 0.14107795997883613 
Kowalik 4 45 0.5132748288992912 4.9976505168722865 4.2462053171767766E-4 2.960650477480489 -1.0 1.7870302150002217 
Kowalik 4 45 1.0311122488178324 1.1068143223386767E-4 4.7737254796225175 4.220618363415434 -1.0 0.08481975108162108 
