Matyas 2 23 0.0025252499901017023 -0.04382040192125956 -1.0 5.5403275850244E-4 
Matyas 2 23 0.4024153479296955 0.20307981523507104 -1.0 0.013599907574821699 
Matyas 2 23 -0.06775211129758249 -0.21813222901308182 -1.0 0.006470843511380498 
Matyas 2 23 0.470397710922583 0.24090617663760527 -1.0 0.01822612328170064 
Matyas 2 23 -0.06861779555054598 -0.12457270177389801 -1.0 0.0011559635651806899 
Matyas 2 23 -0.02423073338119737 -0.10917923922538411 -1.0 0.0019820443691988456 
Matyas 2 23 -0.05294346307768142 -0.15175161221314432 -1.0 0.0028597633223771375 
Matyas 2 23 -0.2543316170071792 -3.1294698259208005 -1.0 2.1811060521403713 
Matyas 2 23 0.11080134940637087 0.8565813186620548 -1.0 0.14840523290054405 
Matyas 2 23 -0.2820167157692401 -0.36640694211743846 -1.0 0.005984959976846442 
Matyas 2 23 -0.8355487067458591 -0.15748489467956017 -1.0 0.1248037906440697 
Matyas 2 23 -0.26305673710981753 -0.34232929286433683 -1.0 0.005235956976842024 
Matyas 2 23 -0.1876241256142665 -0.288892289970653 -1.0 0.004834489221247025 
Matyas 2 23 -0.09420761769933207 0.031067314152313952 -1.0 0.003963319116928735 
Matyas 2 23 7.724561557089536 3.5460167399920346 -1.0 5.635318548629558 
Matyas 2 23 -0.2459664497783673 -0.29677499987253303 -1.0 0.003591060002359446 
Matyas 2 23 -0.22423025814248687 -0.10799939124648814 -1.0 0.0044811690041800575 
Matyas 2 23 -3.504942593971778 -3.3929509815087036 -1.0 0.4789448881020695 
Matyas 2 23 -0.038677154636185186 0.01906838961436798 -1.0 8.37482006854957E-4 
Matyas 2 23 -0.5747861709940314 -0.06585392160682835 -1.0 0.06885720589905595 
Matyas 2 23 -2.905201486500802 -2.129605252636276 -1.0 0.40388016850081065 
Matyas 2 23 0.06002203933122413 0.062178515015155186 -1.0 1.504923516694708E-4 
Matyas 2 23 0.14364862713075288 0.1276436091734672 -1.0 8.000349247427093E-4 
