Rastrigin 10 10000 0.11425018344973226 -0.7190858433077217 -0.332398660959898 0.4281520301994516 -0.39381775742940783 0.5151887833129851 0.8472039755200653 -0.7633465435341316 -1.910281142367109 -1.1359093716599689 -1.0 112.04465443405701 
Rastrigin 2 23 0.4450322580970795 -5.1197788637745205 -1.0 2.8517297069844076 
Rastrigin 2 23 0.029529291907490464 -1.2076029317222052 -1.0 2.10667867842448 
Rastrigin 2 23 0.20163602715499848 -5.116734892290515 -1.0 3.4684654265773287 
Rastrigin 2 23 0.06708951217875067 -1.4358056779544546 -1.0 0.8920347911304182 
Rastrigin 2 23 0.0771216673358367 -1.6332930689188143 -1.0 2.25558400940992 
Rastrigin 2 23 0.08084609135026426 -1.5728855839205298 -1.0 2.890519435207364 
Rastrigin 2 23 0.13065589177293255 -1.8836975076245372 -1.0 3.516567847263864 
Rastrigin 2 23 0.22943086016105024 -0.6895075502148189 -1.0 1.6148881068376812 
Rastrigin 2 23 0.04528022381913897 0.3706788892139544 -1.0 0.39093832145729357 
Rastrigin 2 23 0.3870698670618551 1.020940615694647 -1.0 0.48444097282083454 
Rastrigin 2 23 0.03910545240276662 2.0108522330080874 -1.0 1.1722296001154167 
Rastrigin 2 23 -0.9832500869371029 5.119982318790853 -1.0 3.0537924567955486 
Rastrigin 2 23 1.602867051228733 5.119657947850358 -1.0 5.906739587635763 
Rastrigin 2 23 0.008404949655559968 2.80737908919656 -1.0 0.047016338277639846 
Rastrigin 2 23 0.023844990628454864 3.295575997976924 -1.0 2.023639949729245 
Rastrigin 2 23 0.016321401109977707 2.8718830384845866 -1.0 0.901208285528115 
Rastrigin 2 23 -0.006154832462953189 2.8475319648809476 -1.0 0.45755630291208593 
Rastrigin 2 23 -0.012987302575581193 3.025631098545775 -1.0 1.521218878557588 
Rastrigin 2 23 0.0014188307108480482 2.894999953977593 -1.0 1.2706432979428544 
Rastrigin 2 23 0.47717293982768144 1.709738623778542 -1.0 2.0966599701914967 
Rastrigin 2 23 0.30509838802882694 0.5452386718432828 -1.0 2.3153372360201043 
Rastrigin 2 23 -0.031960451101328335 2.944867147276436 -1.0 2.083254525566664 
Rastrigin 2 23 -0.024026730345786736 2.963951264190415 -1.0 2.091083723573676 
Rastrigin 2 23 -0.03301729421146336 2.892226859494137 -1.0 1.3944968332069725 
Rastrigin 2 23 0.07591561249297586 2.4623024174482597 -1.0 0.8598274305014989 
Rastrigin 2 23 1.1742943643792825 -1.222130693922867 -1.0 5.036027126014358 
Rastrigin 2 23 1.7007749027629153 5.1196026823820455 -1.0 4.697813368881785 
Rastrigin 2 23 1.0611046446662618 3.2323142449904423 -1.0 2.2192640012281317 
Rastrigin 2 23 -2.407803365673234 -2.476637721474875 -1.0 6.169595841788063 
Rastrigin 2 23 -0.30595609250550604 -5.1199983875746025 -1.0 1.874156253481971 
Rastrigin 2 23 0.07850465983093541 -5.119742472139245 -1.0 2.3473878184219856 
Rastrigin 2 23 -1.5425434539755611 -3.7481748766965355 -1.0 5.329908847043026 
Rastrigin 2 23 -1.4212292320234865 -2.233019559559315 -1.0 3.9174640322225396 
Rastrigin 2 23 0.17042276506498824 4.878665080168778 -1.0 2.0373324955988483 
Rastrigin 2 23 0.36005105506846535 4.694206743736208 -1.0 2.096042610633984 
Rastrigin 2 23 1.7055599903347858 3.1041502841935023 -1.0 3.3730422590303166 
Rastrigin 2 23 0.6733609084324694 4.407404212566528 -1.0 2.252564576933121 
Rastrigin 2 23 -0.637237321151046 -1.9975617719291567 -1.0 2.120355786724698 
Rastrigin 2 23 -0.5254702461317091 -5.118479031491744 -1.0 3.793422957847576 
Rastrigin 2 23 -2.126901395744561 5.006265031272466 -1.0 6.235890492272769 
Rastrigin 2 23 -0.08234707987397687 0.24394539845771612 -1.0 2.234216257493311 
Rastrigin 2 23 -0.8944771457808562 -0.17357553183110497 -1.0 4.7238486220282 
