Rosenbrock 2 23 -1.514891824624458 9.995359857035963 -1.0 5936.0371320427785 
Rosenbrock 2 23 0.7170312053878756 7.71417805515289 -1.0 5184.1438716752 
Rosenbrock 2 23 0.2021518212606222 9.986694435281247 -1.0 9892.588163496748 
Rosenbrock 2 23 0.26248452629227276 5.450046335627902 -1.0 2896.219533887853 
Rosenbrock 2 23 0.25637910546596054 4.812422450983631 -1.0 2253.6616611862887 
Rosenbrock 2 23 0.10987272500105466 3.393835967459413 -1.0 1144.4250691082113 
Rosenbrock 2 23 -9.999999447558018 9.999958301195448 -1.0 810121.551687314 
Rosenbrock 2 23 4.201986371923559 9.337028538254708 -1.0 6931.9285183662005 
Rosenbrock 2 23 -6.9600217871291115 8.799549982075726 -1.0 157214.97942528388 
Rosenbrock 2 23 0.016300669413704075 -2.372025993701448 -1.0 563.7444579831642 
Rosenbrock 2 23 -1.7412425814682604 0.7714543564496533 -1.0 518.4874928325297 
Rosenbrock 2 23 -4.980083377176159 9.196340988266474 -1.0 24387.018888598002 
Rosenbrock 2 23 -0.6566093929273163 -1.274846374187495 -1.0 293.7819049181321 
Rosenbrock 2 23 -1.588384644858902 0.5896368675168508 -1.0 380.4758034631713 
Rosenbrock 2 23 -0.9895254976078798 -0.9580543752744757 -1.0 379.2384405283549 
Rosenbrock 2 23 -0.9514985915627004 -0.9103525764572813 -1.0 333.4857751255197 
Rosenbrock 2 23 -0.859050268459076 -0.6097068601991363 -1.0 185.0786492875481 
Rosenbrock 2 23 -0.7499184085502046 -0.492083935173826 -1.0 114.2511314614005 
Rosenbrock 2 23 -0.5986195028915191 0.254732546689383 -1.0 3.629144771405481 
Rosenbrock 2 23 -0.43994859771973366 0.32925997350891933 -1.0 3.9150422270470693 
Rosenbrock 2 23 -0.3369273000029192 0.34311981965118843 -1.0 7.058982071904276 
Rosenbrock 2 23 -0.3472984003366313 0.3841658302006638 -1.0 8.761054850864642 
Rosenbrock 2 23 -0.4017993061682894 0.5299058570612104 -1.0 15.541552400165545 
Rosenbrock 2 23 -0.34836726105255805 0.4612889069832063 -1.0 13.373277544407735 
Rosenbrock 2 23 -0.38341592986266354 0.6485254202290861 -1.0 27.06583445528274 
Rosenbrock 2 23 -0.4773620914877042 0.4038876695668701 -1.0 5.280659998377139 
Rosenbrock 2 23 -0.4049921982091916 -0.037068076817536794 -1.0 6.01759147831339 
Rosenbrock 2 23 -0.5416352239647844 0.3814764592411834 -1.0 3.1529366085047164 
Rosenbrock 2 23 -0.6670539419733841 0.17356820219004748 -1.0 10.144471826157067 
Rosenbrock 2 23 -0.5359589620755218 0.11153242026838979 -1.0 5.446907320602396 
Rosenbrock 2 23 -0.6316639989802909 0.1478442761690854 -1.0 8.970217410366798 
Rosenbrock 2 23 -0.48371442688587285 0.23249715193764275 -1.0 2.201628279644303 
Rosenbrock 2 23 -0.47989340340109393 0.22645971156589326 -1.0 2.1915574845469665 
Rosenbrock 2 23 2.559503802582495 8.713040995978783 -1.0 469.84835785276647 
Rosenbrock 2 23 3.6900435890197025 8.193351458547761 -1.0 2948.2054068065754 
Rosenbrock 2 23 3.6111021278619213 9.986229086549837 -1.0 939.4053105149118 
Rosenbrock 2 23 3.106473664293889 9.288326905789724 -1.0 17.5308981091379 
Rosenbrock 2 23 -0.37456161061416576 0.14137214804021014 -1.0 1.8895353447274257 
Rosenbrock 2 23 -0.2897070909777287 0.09073109732283548 -1.0 1.6679696029126903 
Rosenbrock 2 23 0.054058736918871864 -1.9616331468223451 -1.0 386.84263371859674 
Rosenbrock 2 23 -9.977426191218422 -9.90014200202754 1.7976931348623157E308 1198032.7035306788 
Rosenbrock 2 23 1.2518042979538213 -1.0750844233366934 -1.0 698.131813462798 
Rosenbrock 2 23 0.49289189726442534 -0.834469123351513 -1.0 116.33872251734005 
Rosenbrock 2 23 -1.5732772471322756 1.0519434901799214 -1.0 209.18803407133893 
Rosenbrock 2 23 0.32194077892452355 8.537454642579293 -1.0 7113.37281375772 
Rosenbrock 2 23 0.1082773932383903 2.832522430308644 -1.0 796.4855510995702 
Rosenbrock 2 23 0.47196534066452883 0.12720873801789664 -1.0 1.191658387585421 
Rosenbrock 2 23 0.5314490139009005 -0.1062967719764074 -1.0 15.331016548516695 
Rosenbrock 2 23 0.4733373595436478 -0.41102263268053624 -1.0 40.60887689414877 
Rosenbrock 2 23 0.40745306120316943 -0.3188196514199579 -1.0 23.857866415346116 
Rosenbrock 2 23 0.2935523583037127 -0.04429578979393867 -1.0 2.201278443982516 
Rosenbrock 2 23 0.4512663018182912 -0.030774813642385223 -1.0 5.796198940308912 
Rosenbrock 2 23 0.43265369889690486 -0.015579329202332137 -1.0 4.433390408458971 
Rosenbrock 2 23 -1.6223469584980548 0.21513097414171425 -1.0 591.0069587642328 
Rosenbrock 2 23 -0.1966296057185477 0.2771014724266162 -1.0 7.1172033010758256 
Rosenbrock 2 23 0.6851552276419732 0.7755064853082304 -1.0 9.466938223814243 
Rosenbrock 2 23 0.16879427738871622 0.32137154742322216 -1.0 9.26877469791858 
Rosenbrock 2 23 0.2753460932772599 0.22370847407321542 -1.0 2.7123573178734524 
Rosenbrock 2 23 2.6525158166491543 1.5163901445544816 -1.0 3049.163653146314 
Rosenbrock 2 23 -1.692288452750164 -1.8629494252595475 -1.0 2241.502440170967 
Rosenbrock 2 23 -1.1249910672595715 -0.9879375973392958 -1.0 512.360966404581 
Rosenbrock 2 23 0.08668486738695798 -0.06133626607753102 -1.0 1.3081841114166433 
Rosenbrock 2 23 0.13704961485558878 0.06529403737540615 -1.0 0.9610147764323327 
Rosenbrock 2 23 -0.9743590936411759 -0.04026237365936475 -1.0 101.8364343038938 
Rosenbrock 2 23 0.08552774555085117 6.018570526912471E-4 -1.0 0.8407661266150239 
Rosenbrock 2 23 0.03463052813903692 -0.07591534706541882 -1.0 1.526604687374994 
Rosenbrock 2 23 0.558511608770647 -4.741090331439512 -1.0 2553.501631450805 
Rosenbrock 2 23 1.191905034988988 1.2059051506094087 -1.0 4.647830558497503 
Rosenbrock 2 23 -0.3226848854818445 -9.482679916483221 -1.0 9192.433372375668 
Rosenbrock 2 23 -0.20335347663017017 1.6241700655808504 -1.0 251.97916098335875 
Rosenbrock 2 23 -0.3304593079019604 -0.2524149662125802 -1.0 14.846902934268801 
Rosenbrock 2 23 0.0944348802924769 0.04224887519263221 -1.0 0.9311432660099266 
Rosenbrock 2 23 1.5971205993469562 1.2196998828580439 -1.0 177.53776348119354 
Rosenbrock 2 23 1.2114007134174034 0.8187966743029831 -1.0 42.125212401913686 
Rosenbrock 2 23 1.3044946303050007 1.5781880654232598 -1.0 1.6183909371795189 
Rosenbrock 2 23 -0.021886978564724238 0.023449380799780453 -1.0 1.0970166533837562 
Rosenbrock 2 23 1.8266599612980605 2.7342239833536732 -1.0 36.97948884937753 
Rosenbrock 2 23 0.11668410604761861 0.01894890071867107 -1.0 0.7830918255349187 
Rosenbrock 2 23 0.10779402601974931 0.012776743132131969 -1.0 0.7961654091271352 
Rosenbrock 2 23 0.1024901780165797 0.003977681901282596 -1.0 0.8097834721670234 
Rosenbrock 2 23 0.09231426331760413 -0.020081685106913983 -1.0 0.9057100374621156 
Rosenbrock 2 23 1.1742783791519675 4.3009170131167 -1.0 853.8313518919044 
