SixHumpCamel 2 10000 -1.7056102344422532 0.9555384591902765 -1.7698531678036034 0.12350511646546769 
SixHumpCamel 2 10000 0.01382422836014599 -0.019587237700894558 -1.0 -0.0010404687267674666 
SixHumpCamel 2 10000 -0.315896768159613 0.27629295422899525 -1.0 0.00926070257417774 
SixHumpCamel 2 23 -0.06316876574975563 0.019587013987631463 -1.0 0.013156452710666696 
SixHumpCamel 2 23 -0.25167557407500063 -0.011369563852573372 -1.0 0.24736626196863754 
SixHumpCamel 2 23 -0.3428397034008797 -0.02071957911719977 -1.0 0.44707215549326135 
SixHumpCamel 2 23 -0.36582665373469947 -0.04759391208925393 -1.0 0.5068749552270647 
SixHumpCamel 2 23 -0.38085066355615527 -0.09886106439339737 -1.0 0.5359641946117494 
SixHumpCamel 2 23 -0.3913536244091503 -0.08411231751828335 -1.0 0.5693862750191551 
SixHumpCamel 2 23 -0.4186766176865018 -0.08355139407131701 -1.0 0.6456824922673693 
SixHumpCamel 2 23 -0.36270893781979213 -0.06721997811966994 -1.0 0.4970332836950773 
SixHumpCamel 2 23 -0.33442431586558546 -0.07314300348618957 -1.0 0.4247334686609218 
SixHumpCamel 2 23 -0.2932122705519645 -0.12919251304484852 -1.0 0.30081588521598956 
SixHumpCamel 2 23 -0.2614054559840631 -0.16501891286229975 -1.0 0.20080996280775368 
SixHumpCamel 2 23 -0.2102432914550556 -0.2360122459013958 -1.0 0.0119583180917338 
SixHumpCamel 2 23 -0.13389234292555247 -0.35935132805409054 -1.0 -0.33068174638368064 
SixHumpCamel 2 23 0.05492943752959725 -0.5272372974708205 -1.0 -0.8197379848525013 
SixHumpCamel 2 23 0.6272219604639495 -1.0856278209717125 -1.0 1.4299054856284812 
SixHumpCamel 2 23 -0.028966698124777538 -0.40618979525793125 -1.0 -0.5359528237008403 
SixHumpCamel 2 23 0.0479012975861667 -0.4684853180037738 -1.0 -0.6985047064852321 
SixHumpCamel 2 23 0.14073626761974156 -0.5380059856664694 -1.0 -0.8199869493815853 
SixHumpCamel 2 23 0.15568021061808507 -0.549824142871936 -1.0 -0.8335494796716199 
SixHumpCamel 2 23 -0.3465145009812726 -1.3514891363237918 -1.0 6.957552237180068 
SixHumpCamel 2 23 -0.3515864699188155 -1.3570065228216424 -1.0 7.138230198521887 
SixHumpCamel 2 23 -0.3415615417622241 -1.3359923644539933 -1.0 6.498549088512798 
SixHumpCamel 2 23 -0.34655784451311566 -1.331951734262606 -1.0 6.4055701357690555 
SixHumpCamel 2 23 -0.345583893964677 -1.3457628863225186 -1.0 6.7891016083498865 
SixHumpCamel 2 23 -0.34485005257770873 -1.3445741864042402 -1.0 6.752422101455833 
SixHumpCamel 2 23 -0.34839602588084184 -1.3488942504343568 -1.0 6.889611963387437 
SixHumpCamel 2 23 -0.35610445762346865 -1.34430019483626 -1.0 6.78735417108143 
SixHumpCamel 2 23 -0.33994349883214536 -1.3382018144489232 -1.0 6.554123683496009 
SixHumpCamel 2 23 -0.3369543927129896 -1.329972143173818 -1.0 6.315386584972017 
SixHumpCamel 2 23 -0.3400206573221016 -1.3328871327535383 -1.0 6.406819391163834 
SixHumpCamel 2 23 -0.3461515168386755 -1.343331109294723 -1.0 6.721985699254858 
SixHumpCamel 2 23 -0.34166397158940365 -1.342886178321968 -1.0 6.692481581116853 
SixHumpCamel 2 23 -0.355395762856224 -1.3545261193796276 -1.0 7.079921524894838 
SixHumpCamel 2 23 -0.3428207594547915 -1.3325295113489521 -1.0 6.407435761130696 
SixHumpCamel 2 23 -0.3372647078849173 -1.334026298106287 -1.0 6.428002145955238 
SixHumpCamel 2 23 -0.34451555705484377 -1.3441226694331405 -1.0 6.738310088324689 
SixHumpCamel 2 23 -0.35319444120738336 -1.346627037026448 -1.0 6.842698301797245 
SixHumpCamel 2 23 -0.3403850209645114 -1.3408070823707017 -1.0 6.628928331704343 
SixHumpCamel 2 23 -0.3522687070050578 -1.3404473347521422 -1.0 6.663620594080923 
SixHumpCamel 2 23 -0.33467027290125645 -1.3338577644340894 -1.0 6.413713736818069 
SixHumpCamel 2 23 -0.853986003524032 0.7640961657338964 -1.0 0.3051343501739059 
SixHumpCamel 2 23 -0.39130124174155523 0.03464335606292584 -1.0 0.5460784685600938 
SixHumpCamel 2 23 -0.4796053801889459 0.9826804579236984 -1.0 0.20909287561258383 
SixHumpCamel 2 23 2.9999602672316503 0.30818177791440954 -1.0 109.469458971093 
SixHumpCamel 2 23 2.999674681950427 0.32541211548235754 -1.0 109.40531285915834 
SixHumpCamel 2 23 2.999796874025424 0.3235773346867037 -1.0 109.43819430961398 
SixHumpCamel 2 23 2.9997776654388257 0.293801962648903 -1.0 109.40291594417828 
SixHumpCamel 2 23 2.9995834964039116 0.3151919191091177 -1.0 109.36963661280427 
SixHumpCamel 2 23 2.999845414512333 0.34672317739421044 -1.0 109.47328501158147 
SixHumpCamel 2 23 2.99954837216777 0.3246128433922421 -1.0 109.36877150651063 
SixHumpCamel 2 23 2.9997116206188865 0.2978159257937292 -1.0 109.38840686283882 
SixHumpCamel 2 23 2.9999688026777305 0.32535921089651976 -1.0 109.4886224103439 
SixHumpCamel 2 23 2.999515001116416 0.3429595315242082 -1.0 109.37628415387499 
SixHumpCamel 2 23 2.9997095672269762 0.337492362075576 -1.0 109.42644289592393 
SixHumpCamel 2 23 2.9992266676363397 0.3238625641917844 -1.0 109.27696347968092 
SixHumpCamel 2 23 2.9995083488795093 0.30652965502155555 -1.0 109.33974662792204 
SixHumpCamel 2 23 2.9996686877547596 0.3298524665793505 -1.0 109.4077943969587 
SixHumpCamel 2 23 2.999679228784796 0.3004042766248442 -1.0 109.38190855428317 
SixHumpCamel 2 23 2.999958587474165 0.30094629458435174 -1.0 109.46163494909015 
SixHumpCamel 2 23 2.999569875194946 0.307256838837962 -1.0 109.35790517785968 
SixHumpCamel 2 23 2.9994632058946125 0.31556965775748486 -1.0 109.33593586233492 
SixHumpCamel 2 23 2.9989087347122654 0.31460266471382214 -1.0 109.17805489334924 
SixHumpCamel 2 23 2.999434912709527 0.32872401222477127 -1.0 109.34051741913729 
SixHumpCamel 2 23 2.999276831029395 0.34983881465512257 -1.0 109.31498224956258 
SixHumpCamel 2 23 2.999927366255085 0.32631876852838726 -1.0 109.47778384872056 
SixHumpCamel 2 23 2.9998339097776436 0.3003691212460818 -1.0 109.42570219702219 
SixHumpCamel 2 23 2.999761803871993 0.3159890576171647 -1.0 109.42093455210582 
SixHumpCamel 2 23 2.9996400743902694 0.30643896385123287 -1.0 109.37696707091864 
SixHumpCamel 2 23 2.999822735245612 0.34058972461203285 -1.0 109.46133652907166 
SixHumpCamel 2 23 2.9996083511005347 0.32456677034979714 -1.0 109.38571829177067 
SixHumpCamel 2 23 2.999500525150304 0.3102877599159711 -1.0 109.34129496471965 
SixHumpCamel 2 23 2.9999434122072275 0.3231411574787112 -1.0 109.47931395865548 
SixHumpCamel 2 23 2.999836961556986 0.3228321277495035 -1.0 109.44884450758042 
SixHumpCamel 2 23 2.999528951690968 0.34334750835858185 -1.0 109.3805852996521 
SixHumpCamel 2 23 2.999385088361515 0.32325966549448154 -1.0 109.32124006850782 
SixHumpCamel 2 23 2.999880695833905 0.3003064140210801 -1.0 109.43889748616165 
SixHumpCamel 2 23 2.9995327105702607 0.33921180945328594 -1.0 109.37790597258113 
SixHumpCamel 2 23 2.998501497715525 0.31892573802364577 -1.0 109.06711484964403 
SixHumpCamel 2 23 2.9991107326321744 0.33092246484563104 -1.0 109.2507970151338 
SixHumpCamel 2 23 2.999600933745581 0.30928084514181203 -1.0 109.3687312910583 
SixHumpCamel 2 23 2.9996306028075415 0.30402138513507065 -1.0 109.37183536556279 
SixHumpCamel 2 23 2.9992127362460885 0.3060656112183392 -1.0 109.25558217399087 
SixHumpCamel 2 23 2.9994571177862945 0.3409564052573644 -1.0 109.35807931870346 
SixHumpCamel 2 23 2.9998596268039344 0.3199945993229073 -1.0 109.45254504861812 
SixHumpCamel 2 23 2.9998353373223834 0.31857431774131406 -1.0 109.4442882083963 
SixHumpCamel 2 23 2.999458931351125 0.3232442660494945 -1.0 109.34213636317547 
SixHumpCamel 2 23 2.999900204290747 0.345222555473354 -1.0 109.48747372938341 
SixHumpCamel 2 23 2.9993664808305125 0.34873062142344197 -1.0 109.33938365348762 
SixHumpCamel 2 23 2.9996942951576244 0.3023222308639872 -1.0 109.38814626808637 
SixHumpCamel 2 23 2.999875055468129 0.3172799585109744 -1.0 109.45428930270162 
SixHumpCamel 2 23 2.9999659973132435 0.3327355017313588 -1.0 109.49474371312049 
SixHumpCamel 2 23 2.999631970244262 0.3168409886840894 -1.0 109.38497868648989 
SixHumpCamel 2 23 2.9989438680240434 0.33772389124412555 -1.0 109.20985463092521 
SixHumpCamel 2 23 2.999909068542811 0.3085353123521164 -1.0 109.45530000122342 
SixHumpCamel 2 23 2.999826685155946 0.313791536265365 -1.0 109.4371673516498 
SixHumpCamel 2 23 2.9998040689925363 0.2985243745479714 -1.0 109.41533832770078 
SixHumpCamel 2 23 2.9993119130796537 0.3280561497575042 -1.0 109.30506203669644 
SixHumpCamel 2 23 2.9993601880584384 0.30843215113615996 -1.0 109.29970293746263 
SixHumpCamel 2 23 2.9998163511227856 0.3141748235451909 -1.0 109.43461545588187 
SixHumpCamel 2 23 2.999550595974693 0.3329189973664059 -1.0 109.37719324931173 
SixHumpCamel 2 23 2.999989137201389 0.30663731229384306 -1.0 109.47609041774035 
SixHumpCamel 2 23 2.99995390017527 0.3243045728385416 -1.0 109.48339592546193 
SixHumpCamel 2 23 2.999256516949863 0.30612682690433185 -1.0 109.26803625944109 
SixHumpCamel 2 23 2.9996365036885746 0.3249584201928062 -1.0 109.39406586381841 
SixHumpCamel 2 23 2.999947968836586 0.31954321935016633 -1.0 109.47715119814805 
SixHumpCamel 2 23 2.9998443771868044 0.33253279534579316 -1.0 109.46007920351892 
SixHumpCamel 2 23 2.9997430880869644 0.3082090228772502 -1.0 109.407933262799 
SixHumpCamel 2 23 2.999174107569429 0.29890877956494744 -1.0 109.23733360151573 
SixHumpCamel 2 23 2.9995550171822307 0.3454460516024676 -1.0 109.38985335829533 
SixHumpCamel 2 23 2.9993905651631168 0.3323554022794903 -1.0 109.33134675901152 
SixHumpCamel 2 23 2.9997963302546267 0.3242275925287995 -1.0 109.43865943161742 
SixHumpCamel 2 23 2.999604899097332 0.3352494398028177 -1.0 109.39472868856768 
SixHumpCamel 2 23 2.999799321520048 0.337720357053586 -1.0 109.45208710546915 
SixHumpCamel 2 23 2.9997747801748904 0.30854507002878817 -1.0 109.41725042230748 
SixHumpCamel 2 23 2.999163800373574 0.3349877027125977 -1.0 109.26958122108003 
SixHumpCamel 2 23 2.9991399813827186 0.3015435731208558 -1.0 109.2303905323999 
SixHumpCamel 2 23 2.9998734434208867 0.34839550935872604 -1.0 109.48272048856833 
SixHumpCamel 2 23 2.9994355933204857 0.3145294903251079 -1.0 109.3270975427582 
SixHumpCamel 2 23 2.999563694112889 0.31105520970369194 -1.0 109.35994935709363 
SixHumpCamel 2 23 2.999471542709365 0.3332517735624342 -1.0 109.35511005890403 
SixHumpCamel 2 23 2.9999544733062304 0.31867835883168805 -1.0 109.47815883593078 
SixHumpCamel 2 23 2.998927494043196 0.3198035631428283 -1.0 109.18841670915545 
SixHumpCamel 2 23 2.9995905180611535 0.34159098464121607 -1.0 109.39644074213825 
SixHumpCamel 2 23 2.999909791820669 0.3516611418165459 -1.0 109.49591759863137 
SixHumpCamel 2 23 2.9998062580719185 0.31501345357745353 -1.0 109.43257793712763 
SixHumpCamel 2 23 2.999835735774172 0.34945232076741634 -1.0 109.47297038147175 
SixHumpCamel 2 23 2.9998570323621117 0.3338563017030074 -1.0 109.46489201351832 
SixHumpCamel 2 23 2.999840167683276 0.3081694098645521 -1.0 109.43540444896838 
SixHumpCamel 2 23 2.9991596093643267 0.3159949596621469 -1.0 109.25040044945165 
SixHumpCamel 2 23 2.999560084647812 0.32656806525495785 -1.0 109.37394096925317 
SixHumpCamel 2 23 2.9992902486907376 0.32012511240641534 -1.0 109.29138373251236 
SixHumpCamel 2 23 2.999362428915859 0.2935396095153716 -1.0 109.28502763128388 
SixHumpCamel 2 23 2.9993242372757676 0.329008305039009 -1.0 109.30944484901462 
SixHumpCamel 2 23 2.9998372948905416 0.32699713404225655 -1.0 109.4528930738921 
SixHumpCamel 2 23 2.999499886275066 0.3339849779902623 -1.0 109.36381575846377 
SixHumpCamel 2 23 2.9992059041535284 0.3275691403078172 -1.0 109.27459399694747 
SixHumpCamel 2 23 2.9991959512245305 0.3387615728993227 -1.0 109.28213801742811 
SixHumpCamel 2 23 2.999821648893507 0.3179285113059101 -1.0 109.43978252996969 
SixHumpCamel 2 23 2.9995891193657256 0.30749854859003495 -1.0 109.36359923115712 
SixHumpCamel 2 23 2.9992604854379232 0.3007848375971058 -1.0 109.26371745825361 
SixHumpCamel 2 23 2.999283086234792 0.31779941965824854 -1.0 109.28710758120461 
SixHumpCamel 2 23 2.9993338422370903 0.31840613781897875 -1.0 109.3020653031607 
SixHumpCamel 2 23 2.999356105669921 0.3107680017076235 -1.0 109.30087681521013 
SixHumpCamel 2 23 2.9998665337340347 0.30188530321588963 -1.0 109.43650645229826 
SixHumpCamel 2 23 2.9986833712807375 0.3432665931771553 -1.0 109.1412003058623 
SixHumpCamel 2 23 2.999644246567314 0.322815424955725 -1.0 109.39421899848188 
SixHumpCamel 2 23 2.9995460620377337 0.3527054529511486 -1.0 109.39375994323193 
SixHumpCamel 2 23 2.9993123098669825 0.3127052063801923 -1.0 109.29039555876084 
SixHumpCamel 2 23 2.999950513216905 0.28637727079620484 -1.0 109.44395977651631 
SixHumpCamel 2 23 2.999174273964866 0.3039147667455856 -1.0 109.24251702586959 
SixHumpCamel 2 23 2.9996422831494582 0.3166536908827384 -1.0 109.38771790531358 
SixHumpCamel 2 23 2.9994945872107484 0.32124560637341554 -1.0 109.35032200523976 
SixHumpCamel 2 23 2.9999702170974123 0.32446788880037203 -1.0 109.48817712094814 
SixHumpCamel 2 23 2.9995965522792645 0.3555798507723586 -1.0 109.41058497398889 
SixHumpCamel 2 23 2.9995279372925285 0.31988467583283603 -1.0 109.3584585055538 
SixHumpCamel 2 23 2.9992580817785512 0.3129817242394675 -1.0 109.27531686838574 
SixHumpCamel 2 23 2.9997697015097704 0.317353206688548 -1.0 109.4245019264915 
SixHumpCamel 2 23 2.9992972342726003 0.2982730291630476 -1.0 109.27152532079114 
SixHumpCamel 2 23 2.999790578548491 0.3258367564062845 -1.0 109.43855640136624 
SixHumpCamel 2 23 2.999103660631634 0.30922543277256753 -1.0 109.22788474525092 
SixHumpCamel 2 23 2.9998778402851713 0.3053048920351855 -1.0 109.44319507103747 
SixHumpCamel 2 23 2.999906631787715 0.30213001769472914 -1.0 109.44812236643969 
SixHumpCamel 2 23 2.999794472980509 0.3344239746817348 -1.0 109.44768504575019 
SixHumpCamel 2 23 2.9993950759444106 0.33392919180697234 -1.0 109.33408116136947 
SixHumpCamel 2 23 2.9998861025360517 0.35241449770235667 -1.0 109.48986607791261 
SixHumpCamel 2 23 2.999668713874516 0.3497692467864189 -1.0 109.42591682832551 
SixHumpCamel 2 23 2.998934020955208 0.31754935191045747 -1.0 109.18808251082547 
SixHumpCamel 2 23 2.999709355308301 0.34247681835988186 -1.0 109.43091194630337 
SixHumpCamel 2 23 2.9994577803358453 0.3168366268708933 -1.0 109.33563551931573 
SixHumpCamel 2 23 2.999610008622041 0.3280615216947883 -1.0 109.38949058040372 
SixHumpCamel 2 23 2.9998415724705842 0.3182526280811929 -1.0 109.44574365594879 
SixHumpCamel 2 23 2.999725831539058 0.30226822971542616 -1.0 109.39702623865205 
SixHumpCamel 2 23 2.999138244479979 0.3401933101117363 -1.0 109.26710618030015 
SixHumpCamel 2 23 2.999601575911754 0.3125623145517128 -1.0 109.37217223065566 
SixHumpCamel 2 23 2.9997899573011333 0.3099940265609364 -1.0 109.42299872200195 
SixHumpCamel 2 23 2.9994338626133086 0.31053173526530603 -1.0 109.32265912262676 
SixHumpCamel 2 23 2.9995058426094703 0.3498926042653505 -1.0 109.37988372447022 
SixHumpCamel 2 23 2.999703294527193 0.3203156161176598 -1.0 109.40855122090473 
SixHumpCamel 2 23 2.999588065719051 0.3232499680619558 -1.0 109.37871803351653 
SixHumpCamel 2 23 2.999626241971712 0.3027621906153846 -1.0 109.36931649583258 
SixHumpCamel 2 23 2.999672027608861 0.3195131806083715 -1.0 109.39891845811762 
SixHumpCamel 2 23 2.9997006964639135 0.33500919694899617 -1.0 109.42164972322846 
SixHumpCamel 2 23 2.999540574847531 0.3082809619391911 -1.0 109.35063406300773 
SixHumpCamel 2 23 2.9994268052047217 0.31817896098004456 -1.0 109.3281678345263 
SixHumpCamel 2 23 2.9999422669663027 0.31158328404730207 -1.0 109.46774760520401 
SixHumpCamel 2 23 2.999930666796177 0.30211101897850784 -1.0 109.45491572832098 
SixHumpCamel 2 23 2.9996277445644166 0.34172028271032695 -1.0 109.40710435168027 
SixHumpCamel 2 23 2.999929990475563 0.3259072418091461 -1.0 109.47813849469917 
SixHumpCamel 2 23 2.9997270378948038 0.33340258504716797 -1.0 109.42763053421507 
SixHumpCamel 2 23 2.9996388887429495 0.3494829622227488 -1.0 109.41721224950672 
SixHumpCamel 2 23 2.999886032335427 0.31495884692715176 -1.0 109.45513436735678 
SixHumpCamel 2 23 2.999488615414708 0.3142803160524711 -1.0 109.34186865459061 
SixHumpCamel 2 23 2.9993161261430776 0.3292773249030754 -1.0 109.30740035580635 
SixHumpCamel 2 23 2.9996929619667854 0.32282349958617357 -1.0 109.40802909835574 
SixHumpCamel 2 23 2.999508451331596 0.3046479629799526 -1.0 109.33787250341656 
SixHumpCamel 2 23 2.9999570718143684 0.31272678316496116 -1.0 109.47307587084617 
SixHumpCamel 2 23 2.9997552117807946 0.33437075885886824 -1.0 109.43650925850845 
SixHumpCamel 2 23 2.999990938659535 0.3260545770832479 -1.0 109.49555689478508 
SixHumpCamel 2 23 2.9997784739240863 0.3293846516938536 -1.0 109.43846632060666 
SixHumpCamel 2 23 2.999696732726511 0.3114489842499421 -1.0 109.3980288763323 
SixHumpCamel 2 23 2.999766138441151 0.33295952858996597 -1.0 109.43830067436367 
SixHumpCamel 2 23 2.999451435597026 0.3080435509279762 -1.0 109.32515092023942 
SixHumpCamel 2 23 2.9998038670209275 0.3238154775984432 -1.0 109.4404030898924 
SixHumpCamel 2 23 2.9998059627321654 0.30501009017740877 -1.0 109.42252542414668 
SixHumpCamel 2 23 2.9999210183790197 0.3159998113212368 -1.0 109.46606998929502 
SixHumpCamel 2 23 2.999357410894415 0.3390552712971866 -1.0 109.32811662202946 
SixHumpCamel 2 23 2.9999643835434204 0.29180816601830756 -1.0 109.45372333266627 
SixHumpCamel 2 23 2.9994679689953196 0.33729534990862164 -1.0 109.35781922428593 
SixHumpCamel 2 23 2.999263409648681 0.32938766306081546 -1.0 109.29257909800435 
SixHumpCamel 2 23 2.9995146442787477 0.3373541869479935 -1.0 109.37109321540858 
SixHumpCamel 2 23 2.999811836623565 0.34845348863355013 -1.0 109.46530926546997 
SixHumpCamel 2 23 2.9999167163777254 0.3029743404618487 -1.0 109.45184426365368 
SixHumpCamel 2 23 2.9999237597642416 0.3267236744223772 -1.0 109.47714400838865 
SixHumpCamel 2 23 2.999050654718466 0.3142410346519051 -1.0 109.21785098257857 
SixHumpCamel 2 23 2.9998088394337863 0.31916458417325877 -1.0 109.43734949589533 
SixHumpCamel 2 23 2.999663748634903 0.33402648532673895 -1.0 109.41027415283678 
SixHumpCamel 2 23 2.9996902211034464 0.3569775611193432 -1.0 109.43834581791191 
SixHumpCamel 2 23 2.9995452059942678 0.32467956468165826 -1.0 109.36793804056636 
SixHumpCamel 2 23 2.999576348306022 0.32865878635126194 -1.0 109.38051595546769 
SixHumpCamel 2 23 2.9993655906361605 0.310666841316769 -1.0 109.30346181013537 
SixHumpCamel 2 23 2.999103184435785 0.3362952554477223 -1.0 109.25362710405527 
SixHumpCamel 2 23 2.9996645388811656 0.2868260449060647 -1.0 109.36340873792305 
SixHumpCamel 2 23 2.999928379352499 0.3364312962346721 -1.0 109.48748857164355 
SixHumpCamel 2 23 2.999271488576135 0.3462636908663578 -1.0 109.31028967251906 
SixHumpCamel 2 23 2.9993608900732376 0.3217648072616517 -1.0 109.31295917324599 
SixHumpCamel 2 23 2.9988891637477737 0.3160905875684532 -1.0 109.17397395634819 
SixHumpCamel 2 23 2.9999752269571482 0.31804349621750144 -1.0 109.48342704119773 
SixHumpCamel 2 23 2.999950167846449 0.3413768643808001 -1.0 109.49817376984208 
SixHumpCamel 2 23 2.9995772635498925 0.3003929087960406 -1.0 109.35301206224405 
SixHumpCamel 2 23 2.9992466457110845 0.31705302290834037 -1.0 109.27606669094537 
SixHumpCamel 2 23 2.999153687642529 0.32884867703134196 -1.0 109.26101617620708 
SixHumpCamel 2 23 2.99971822599796 0.33711690307959036 -1.0 109.42855285742813 
SixHumpCamel 2 23 2.9998364867398766 0.3045034239455874 -1.0 109.43066181387776 
SixHumpCamel 2 23 2.999043236975276 0.3135990522936497 -1.0 109.21512127824914 
SixHumpCamel 2 23 2.999854092231576 0.3064516398661815 -1.0 109.43762329961699 
SixHumpCamel 2 23 2.9998808042458647 0.33522987883754213 -1.0 109.47289757680771 
SixHumpCamel 2 23 2.999582799374537 0.33564592956367995 -1.0 109.38883269068407 
SixHumpCamel 2 23 2.9999518280664565 0.323734998643188 -1.0 109.48226620452382 
SixHumpCamel 2 23 2.9999002770458127 0.3412138186704752 -1.0 109.4838822120992 
SixHumpCamel 2 23 2.9997243365112305 0.29911720760507965 -1.0 109.39335962479045 
SixHumpCamel 2 23 0.01874522287935721 -0.007814492126025786 -1.0 0.0010145396210837917 
SixHumpCamel 2 23 -0.0037283774060150564 -0.03317070583526057 -1.0 -0.004217064602984588 
SixHumpCamel 2 23 -0.028726185267933822 -0.0342757021031846 -1.0 -4.098189227666931E-4 
SixHumpCamel 2 23 -0.6499877336656741 0.2294679049382249 -1.0 0.9915551841207968 
SixHumpCamel 2 23 -0.04108060146089582 -0.02639797362582829 -1.0 0.005043458972867479 
SixHumpCamel 2 23 -0.05839207560572099 -0.02452154236375873 -1.0 0.012642223283601334 
SixHumpCamel 2 23 -0.08567416419455168 -0.033049138769139855 -1.0 0.02771448782617868 
SixHumpCamel 2 23 -0.05095598809003625 -0.019739060348070454 -1.0 0.009819807337609355 
SixHumpCamel 2 23 -0.1936964328292913 0.615889664241418 -1.0 -0.9139062301674417 
SixHumpCamel 2 23 0.5600949533005919 0.5312683516737999 -1.0 0.5456795257896497 
SixHumpCamel 2 23 -0.32542795947602365 0.6367132556602633 -1.0 -0.7709537549796421 
SixHumpCamel 2 23 0.014615798577397653 0.4619752902303854 -1.0 -0.6638837657607761 
SixHumpCamel 2 23 -0.3404143272489273 0.6807155732613264 -1.0 -0.790513117848121 
SixHumpCamel 2 23 0.7287943309542693 -0.22963025777052581 -1.0 1.2149270105526286 
SixHumpCamel 2 23 0.5555755302763545 -0.05255851208067461 -1.0 1.0041654067070185 
SixHumpCamel 2 23 0.21184403148714814 -0.10453982298054744 -1.0 0.1099295489599458 
SixHumpCamel 2 23 0.5097821065644453 -0.059160100746213654 -1.0 0.8594255763075517 
SixHumpCamel 2 23 -0.030123602403923158 -0.11193912242037171 -1.0 -0.042493421764783455 
SixHumpCamel 2 23 -0.07249121494590287 -0.19273145353378196 -1.0 -0.10812922629759701 
SixHumpCamel 2 23 -0.6142262212597862 -0.13704776276769995 -1.0 1.238551598503742 
SixHumpCamel 2 23 0.03912421250350211 -0.17344916768892438 -1.0 -0.11738628444328861 
SixHumpCamel 2 23 0.05227802515502133 -0.3894219446369583 -1.0 -0.5240495011184187 
SixHumpCamel 2 23 -0.005246064825605834 -0.4412782651369655 -1.0 -0.624807320996631 
SixHumpCamel 2 23 -0.011973804293390131 -0.5159102789564229 -1.0 -0.7745309543027359 
SixHumpCamel 2 23 -0.01829636831109084 -0.6112476591546753 -1.0 -0.9235937186680248 
SixHumpCamel 2 23 -0.2574043504168223 -1.4885330555639105 -1.0 11.413987615985082 
SixHumpCamel 2 23 0.0028490089311853945 -0.5860749598519741 -1.0 -0.903648055407571 
SixHumpCamel 2 23 -0.08173102473571156 -0.6886738321831211 -1.0 -0.9144399543764362 
SixHumpCamel 2 23 0.013829868202458184 -1.0362985458197045 -1.0 0.3039453335153066 
SixHumpCamel 2 23 -0.4144092972078663 -0.8116018749232236 -1.0 0.06376850710471471 
SixHumpCamel 2 23 -0.08269101062693886 -0.6155741325655274 -1.0 -0.8632141055173527 
SixHumpCamel 2 23 -0.003295471457397209 -0.6129333412906057 -1.0 -0.9361220468333752 
SixHumpCamel 2 23 -0.003106328260120754 -0.6222029174847453 -1.0 -0.9470759314475401 
SixHumpCamel 2 23 0.007290069540202249 -0.619212248871477 -1.0 -0.9499414927399336 
SixHumpCamel 2 23 0.0014896378946727146 -0.6171035201411904 -1.0 -0.9440918007503579 
SixHumpCamel 2 23 0.21995456721894152 -0.6030239093220027 -1.0 -0.8696168236037619 
SixHumpCamel 2 23 0.06670368875545099 -0.8038685492632224 -1.0 -0.9503618211895508 
SixHumpCamel 2 23 0.06240547217213873 -0.7304824750045178 -1.0 -1.0255230732811453 
SixHumpCamel 2 23 0.059343150467200845 -0.7359558091384599 -1.0 -1.0226809823794991 
SixHumpCamel 2 23 0.08917299819397895 -0.729355652227445 -1.0 -1.029278473006033 
SixHumpCamel 2 23 0.14231913421197878 -0.8393360220039704 -1.0 -0.8720370044189238 
SixHumpCamel 2 23 0.06117571338261488 -0.7219751110729551 -1.0 -1.0274209457126269 
SixHumpCamel 2 23 2.999338608594965 -1.4501565575403286 -1.0 113.64115929969556 
SixHumpCamel 2 23 0.06174318639707263 -0.7218013942034022 -1.0 -1.027584396172852 
SixHumpCamel 2 23 0.16842003666698335 0.28583963009924673 -1.0 -0.14019448690156336 
SixHumpCamel 2 23 0.05766677526215148 0.07494736752426538 -1.0 -0.004741634050769807 
SixHumpCamel 2 23 -0.3980379349263713 0.017166941381400472 -1.0 0.5743379388903399 
SixHumpCamel 2 23 0.02297049366934769 -0.7515958293896636 -1.0 -0.998308423315035 
SixHumpCamel 2 23 0.20201860070771227 1.3998579321863514 -1.0 7.964323024406836 
SixHumpCamel 2 23 0.12422981609102929 -0.01701735554161357 -1.0 0.057961149255516986 
SixHumpCamel 2 23 -0.16803739622738825 -1.061001545275879 -1.0 0.8556908635197003 
SixHumpCamel 2 23 0.1085043114736824 0.004574642935636159 -1.0 0.04721487059884347 
SixHumpCamel 2 23 0.12630966951774963 -0.7213094151836019 -1.0 -1.0261786982108905 
SixHumpCamel 2 23 0.22503733053561106 -0.7787590713039739 -1.0 -0.9326852396234371 
SixHumpCamel 2 23 0.6183223427426082 0.9166909427896481 -1.0 1.27104762265592 
SixHumpCamel 2 23 -0.557726975233379 1.1338370958281094 -1.0 1.8872917738018176 
SixHumpCamel 2 23 -0.14479466586552764 0.598292909682368 -1.0 -0.9229798249151755 
SixHumpCamel 2 23 -0.023636016296490953 -0.8196498745521109 -1.0 -0.8602961696892435 
SixHumpCamel 2 23 0.1074340112368374 -0.7304414460344602 -1.0 -1.028084246213238 
SixHumpCamel 2 23 2.3203258250351855 -0.9067799774671337 -1.0 9.995604872898593 
SixHumpCamel 2 23 0.10600376932459721 -0.6022829919522923 -1.0 -0.9438057987579564 
SixHumpCamel 2 23 0.0168249602333822 -0.6304415944883559 -1.0 -0.9674144136801159 
SixHumpCamel 2 23 0.09588024538139067 -0.7248006515825166 -1.0 -1.030331545538241 
SixHumpCamel 2 23 0.08971373488494805 -0.7778611044927136 -1.0 -0.9935694179156203 
SixHumpCamel 2 23 0.08994092019401494 -0.7263836014987728 -1.0 -1.0300570152186805 
SixHumpCamel 2 23 0.09101216642315385 -0.7067373590539218 -1.0 -1.031331644185468 
SixHumpCamel 2 23 0.011496606490232765 1.0868217360403982 -1.0 0.8690562800769008 
SixHumpCamel 2 23 1.7978305224496183 -0.9263936306646944 -1.0 0.09331859891533556 
SixHumpCamel 2 23 0.09323560999704925 -0.7068046021512274 -1.0 -1.0312855821006484 
SixHumpCamel 2 23 0.09056959849898767 -0.7077298789807246 -1.0 -1.0314254118161816 
SixHumpCamel 2 23 0.09254171751135201 -0.7084828941202829 -1.0 -1.031446974876842 
SixHumpCamel 2 23 0.09283154943774505 -0.7029468881267439 -1.0 -1.0308029805865573 
SixHumpCamel 2 23 1.7020525774671602 -0.795796968696118 -1.0 -0.21544035913194803 
SixHumpCamel 2 23 0.11488978496914726 -0.683711591890969 -1.0 -1.0218829404287648 
SixHumpCamel 2 23 0.06522629091148001 -0.704856204259818 -1.0 -1.0289548732149671 
SixHumpCamel 2 23 -0.145678368822156 0.7541402960674004 -1.0 -1.0070218697820077 
SixHumpCamel 2 23 -0.363606074053227 0.7114128742371306 -1.0 -0.7656235503992963 
SixHumpCamel 2 23 1.7246514011991443 -0.26124327425030314 -1.0 1.385437606314387 
SixHumpCamel 2 23 0.02351060427599317 0.7037836114925957 -1.0 -0.9811553365818322 
SixHumpCamel 2 23 0.07344147940033008 -0.7044271181663296 -1.0 -1.0301633786217952 
SixHumpCamel 2 23 0.08613858729292719 -0.7034019473547342 -1.0 -1.0309168711742522 
SixHumpCamel 2 23 0.09298678994407483 -0.7051774614026656 -1.0 -1.0311131052616194 
SixHumpCamel 2 23 0.08384428086173483 -0.7050121907051181 -1.0 -1.0310604558677827 
SixHumpCamel 2 23 0.08109392363541762 -0.7035331786097508 -1.0 -1.0307364419779304 
SixHumpCamel 2 23 0.09649999037109654 -0.7082382488423292 -1.0 -1.0312675720277393 
SixHumpCamel 2 23 0.09660555552869338 -0.7103391780607149 -1.0 -1.0313908427634795 
SixHumpCamel 2 23 0.09705007002663707 -0.7067643714830277 -1.0 -1.0311017470035102 
SixHumpCamel 2 23 -0.26089192814137974 0.8175938125166722 -1.0 -0.837154377565533 
SixHumpCamel 2 23 0.0976186224069966 -0.7071095429492675 -1.0 -1.0310998888898226 
SixHumpCamel 2 23 0.09694959250255483 -0.7104162860720012 -1.0 -1.0313748908833889 
SixHumpCamel 2 23 0.09872862979585895 -0.7079363550665305 -1.0 -1.031097918682537 
SixHumpCamel 2 23 0.09903824088959245 -0.707299643254222 -1.0 -1.0310168446391301 
SixHumpCamel 2 23 -0.5477872446390573 0.3888425667524529 -1.0 0.29384737096939134 
SixHumpCamel 2 23 0.11469696463957611 -0.705136638334183 -1.0 -1.028587168331139 
SixHumpCamel 2 23 0.08438080345562152 -0.7120043786341209 -1.0 -1.0315121399962592 
SixHumpCamel 2 23 0.08651986235226694 -0.713695234873521 -1.0 -1.0315730969754 
SixHumpCamel 2 23 0.08375882844644492 -0.7150354106011746 -1.0 -1.0314230451584019 
SixHumpCamel 2 23 0.08518826773203277 -0.7138580491307333 -1.0 -1.031526508412396 
SixHumpCamel 2 23 0.09781692789904614 -0.7145423984832752 -1.0 -1.0313667281780265 
SixHumpCamel 2 23 0.0852498298588412 -0.7137871926106151 -1.0 -1.0315304864745933 
SixHumpCamel 2 23 0.08499879479057246 -0.7141671731209288 -1.0 -1.0315108729967815 
SixHumpCamel 2 23 0.06980098853437139 -0.7131124701560357 -1.0 -1.0300460525257007 
SixHumpCamel 2 23 0.08633124814969019 -0.7156172796636556 -1.0 -1.0314978856349957 
SixHumpCamel 2 23 0.7623847192482467 2.9946613398556057 1.7976931348623157E308 289.7918790785623 
SixHumpCamel 2 23 0.08725232775269623 -0.7142925964875695 -1.0 -1.0315760840778376 
SixHumpCamel 2 23 0.0870927523087899 -0.7144425886445228 -1.0 -1.0315678678340607 
SixHumpCamel 2 23 0.08423397729803805 -0.7228755598225596 -1.0 -1.0305809923359224 
