Trecanni 2 23 -1.0438306805757605 -2.8898190513942623 -1.0 9.347215583416709 
Trecanni 2 23 -1.08971487947255 -0.47452354356883286 -1.0 1.2091398567346527 
Trecanni 2 23 -1.0713898101191928 -0.1860123723845716 -1.0 1.0244335670655293 
Trecanni 2 23 -1.0831071235549499 0.275391888238052 -1.0 1.0620748079393239 
Trecanni 2 23 -1.053252673821799 0.5521325907535968 -1.0 1.2991867452636714 
Trecanni 2 23 -1.0512479054719963 0.4950806770412605 -1.0 1.2398590788519464 
Trecanni 2 23 -1.0544861177986402 0.6202276685697241 -1.0 1.3787537001934704 
Trecanni 2 23 -1.0667707985817982 0.46767639639213704 -1.0 1.2098244094473165 
Trecanni 2 23 -1.8569760960999826 -0.11388913420338774 -1.0 0.08350982979693627 
Trecanni 2 23 -2.442167259662538 -0.03383072863345256 -1.0 1.1672127762512632 
Trecanni 2 23 -1.8764949078679791 -0.156098553650253 -1.0 0.07807791554545387 
Trecanni 2 23 -1.8074678486809796 -0.15620781703148887 -1.0 0.14550187076963397 
Trecanni 2 23 -1.853225081577431 -0.08363106612550915 -1.0 0.08098194160068357 
Trecanni 2 23 -1.9527319798786071 -0.033766712157861374 -1.0 0.009659808428864039 
Trecanni 2 23 -2.0870786559856245 0.20551864769702854 -1.0 0.07526734371400329 
Trecanni 2 23 -2.13223357469597 0.01642068266884249 -1.0 0.07976705840597662 
Trecanni 2 23 -1.952671250810699 0.22012912534303813 -1.0 0.05699782389011603 
Trecanni 2 23 -1.8964118796907956 0.4415410538116401 -1.0 0.23354943173107123 
Trecanni 2 23 -1.9037596516427373 0.11760848690831213 -1.0 0.04740077202655606 
Trecanni 2 23 -1.9481403568205742 0.10374495047326011 -1.0 0.020970048121711403 
Trecanni 2 23 -1.96186849556364 0.09718939763894235 -1.0 0.015042165081796545 
Trecanni 2 23 -1.9666309386617593 0.0938760478020524 -1.0 0.013119304206443305 
Trecanni 2 23 -1.9753695493486985 0.08779494530551864 -1.0 0.010075187705577221 
Trecanni 2 23 -1.9904173291401788 0.06333713547423123 -1.0 0.004375391671683886 
Trecanni 2 23 -1.9917325556955077 0.06125498630396029 -1.0 0.004023320219935499 
Trecanni 2 23 -0.3122842525064699 -0.90159567442342 -1.0 1.090653353737269 
Trecanni 2 23 1.3501719743017497 -0.6765660476709713 -1.0 20.918059673260384 
Trecanni 2 23 0.6502718399243776 -0.7728984871779858 -1.0 3.5674697931075925 
Trecanni 2 23 -2.0076038708280217 0.031793673206277594 -1.0 0.0012438749935593926 
Trecanni 2 23 -2.007763125698707 -0.029372124369222413 -1.0 0.00110566121829894 
Trecanni 2 23 -2.031400994687767 -0.039967871794057606 -1.0 0.005666341230618791 
Trecanni 2 23 -2.007599794884123 -0.02428763501602968 -1.0 8.226758414893427E-4 
Trecanni 2 23 -2.007822459470398 -0.04092530507200918 -1.0 0.0019215624806941986 
Trecanni 2 23 -2.074672920934021 -0.06377072433373394 -1.0 0.028067496350238728 
