3.130834276020657 2.1020978470729372 
-3.5511510238111392 2.5033574771871425 
0.7548636894999038 -1.713408611541 
1.741889023167902 2.9688438156160535 
2.375588211658936 4.483209860789179 
-0.9837666287997657 4.136952548615448 
-2.9326037521801327 -3.770946026513745 
2.8734610470273068 -0.5320983215733579 
4.445476200280065 -2.0614471294673122 
-3.7895450589127395 0.07870163304379964 
-1.4588776462260182 1.5559034864356003 
-2.505173986825611 0.9211780093628886 
2.1946924343424854 0.2014329741213699 
1.4252950566183766 -4.031684824505055 
4.1462064761912965 -4.153403325086225 
0.4973530460217151 -3.485940466463229 
0.5541989501452806 3.420786981987225 
-4.307145546535451 2.6051032464979507 
0.06007563673963685 -0.1345199369356688 
-3.7517980091322456 2.736901175570482 
3.69417718876024 0.8329025817579465 
0.29351304114301696 -4.493199428149712 
3.798558013605858 1.6927962164476629 
3.4792413882463427 -1.9680125641457897 
2.9190845458723294 2.208518043227408 
-3.31944840827493 -2.912733660120315 
1.0482381239213945 3.8635850658267454 
-1.1983427445832813 -2.264189430447136 
-2.608075164636906 -0.55020971338906 
1.4607242398550833 3.195078040132227 
2.5729579269571343 -0.9883323561262949 
-0.6863690548250756 -0.3283131957634744 
-0.4511351853875536 -1.1843895093457903 
-1.4154612070305959 -3.136284141494387 
-0.20185994458170486 -2.46083606985875 
1.836974815235828 -2.607443772688953 
-4.06389488708546 -2.848150811369934 
-3.1921702530966214 4.206474153379642 
-2.785428284854497 3.35045876595486 
1.1494299520874134 -1.4880584249274045 
4.062450561648041 1.8249357034439833 
2.0708782358229243 1.0919889326329315 
-0.05934485294437197 -0.80001185253288 
-1.6582853951822378 0.673766214616095 
-1.9449702936291666 -1.315606170434702 
-4.45349422476949 3.6117873459080414 
-2.122795003357611 -3.382821113078453 
-0.8111139978579756 -3.9276559930597306 
3.24143450627757 1.2881671040236369 
-2.294252735591464 0.37306432508418647 
