13 7.034494216255343 19.949951218021265
14 2.6955598544052077 19.949951218021265
15 0.5822682434791884 19.949951218021265
16 4.588565131732739 19.949951218021265
17 4.295951018999503 19.949951218021265
18 2.396739197165218 19.949951218021265
19 4.123098277015664 19.949951218021265
20 2.8650775421776236 19.949951218021265
21 0.3563289325289536 19.949951218021265
22 2.3923469756412676 19.949951218021265
23 1.5218567830941656 19.949951218021265
24 1.3550822923561054 19.949951218021265
25 1.3256231951865094 19.949951218021265
26 0.9343807580342482 19.949951218021265
27 2.594097038377957 19.949951218021265
28 2.542575006618016 19.949951218021265
29 1.5399736336671421 19.949951218021265
30 1.237287727447136 19.949951218021265
31 2.317237146274121 19.949951218021265
13 5.205153711279838 15.641314342345204
14 1.2249413324677438 15.641314342345204
15 4.29660557633245 15.641314342345204
16 0.820477944639102 15.641314342345204
17 4.9303426075681145 15.641314342345204
18 4.4588670765656495 15.641314342345204
19 0.14868740945762626 15.641314342345204
