24 3.194013962964528 0.9062361220035166
25 4.5630615511606605 0.9062361220035166
26 2.8686365546253647 0.9062361220035166
27 8.518113633609012 0.9062361220035166
28 326.0588086593318 0.9062361220035166
29 3.787412198626189 0.9062361220035166
30 4.7047594133326385 0.9062361220035166
31 1.1641710525887956 0.9062361220035166
32 4.732674805697446 0.9062361220035166
33 5.4653692897072395 0.9062361220035166
34 0.9261217345689048 0.9062361220035166
35 48.1017791465527 0.9062361220035166
36 1.7469612318286565 0.9062361220035166
37 0.8542837049859424 0.8542837049859424
38 0.03366323687439553 0.03366323687439553
39 18.48595699352213 0.03366323687439553
40 1.672721563022117 0.03366323687439553
41 254.47832561524066 0.03366323687439553
42 0.006458917699295619 0.006458917699295619
43 0.03392346627596993 0.006458917699295619
44 0.004495348884696727 0.004495348884696727
45 0.08497395306998802 0.004495348884696727
46 0.0032730076257245916 0.0032730076257245916
47 0.007685941367512561 0.0032730076257245916
48 0.006543047615520598 0.0032730076257245916
49 0.9837240041190285 0.0032730076257245916
50 0.019394355667282558 0.0032730076257245916
51 2.5277005682132385 0.0032730076257245916
52 0.025916619587918965 0.0032730076257245916
53 0.5036793452238493 0.0032730076257245916
54 0.006576850055477379 0.0032730076257245916
55 0.009361529344529947 0.0032730076257245916
56 0.014135264167430123 0.0032730076257245916
57 5.505311561973409E-4 5.505311561973409E-4
58 18.22747738283715 5.505311561973409E-4
59 0.0015283487462063737 5.505311561973409E-4
60 2.5825969554887425 5.505311561973409E-4
61 0.0014079249173265763 5.505311561973409E-4
62 0.0025869065769402967 5.505311561973409E-4
63 0.06053298959392974 5.505311561973409E-4
64 7.29731398824702E-4 5.505311561973409E-4
65 0.062222373533478564 5.505311561973409E-4
66 0.005965366729026452 5.505311561973409E-4
67 0.0011487018406464023 5.505311561973409E-4
68 0.0011566535464733326 5.505311561973409E-4
69 4.124347299156518E-4 4.124347299156518E-4
70 0.001155487960974323 4.124347299156518E-4
71 3.5318187865030176E-4 3.5318187865030176E-4
72 0.0033017653976155233 3.5318187865030176E-4
73 3.740983974664791E-4 3.5318187865030176E-4
74 2.796000423722961E-4 2.796000423722961E-4
75 1.412854711141184E-4 1.412854711141184E-4
76 5.608276364425132E-5 5.608276364425132E-5
77 8.066767680462893E-5 5.608276364425132E-5
78 1.8738504598989333E-4 5.608276364425132E-5
79 2.9010301882188784E-4 5.608276364425132E-5
80 4.3357229207804384E-4 5.608276364425132E-5
81 3.877304241988276E-4 5.608276364425132E-5
82 3.9419332349328954E-4 5.608276364425132E-5
83 3.468373364746423E-4 5.608276364425132E-5
84 4.210724694589361E-4 5.608276364425132E-5
85 3.8255832566661056E-4 5.608276364425132E-5
86 3.170485694839825E-4 5.608276364425132E-5
24 174.312683435198 0.3422473621986717
25 73.3626844588043 0.3422473621986717
26 47.32317048618526 0.3422473621986717
27 0.16922035824308965 0.16922035824308965
28 0.8297828271720461 0.16922035824308965
29 0.27245613589765955 0.16922035824308965
30 0.39066506592303557 0.16922035824308965
31 0.2755735913031008 0.16922035824308965
32 14.548899374933594 0.16922035824308965
33 0.00416403843335068 0.00416403843335068
34 1.069548312949549 0.00416403843335068
35 0.2513124733047062 0.00416403843335068
36 0.005420308122201336 0.00416403843335068
37 68.24645176086896 0.00416403843335068
38 0.031115719839011558 0.00416403843335068
39 0.030114582797534928 0.00416403843335068
40 0.010472926061798223 0.00416403843335068
41 0.009991901657241056 0.00416403843335068
42 0.0046331686032577 0.00416403843335068
43 8.271292488744749E-4 8.271292488744749E-4
44 1.2948816843317363 8.271292488744749E-4
45 0.001068192224198387 8.271292488744749E-4
46 2.9532496720469613E-4 2.9532496720469613E-4
47 1.354028737455511E-4 1.354028737455511E-4
48 4.707508371511652 1.354028737455511E-4
49 50.79605177197701 1.354028737455511E-4
50 9.020675049554377 1.354028737455511E-4
51 4.268031402947637 1.354028737455511E-4
52 9.82636264694551E-4 1.354028737455511E-4
53 0.0011877412343563847 1.354028737455511E-4
54 21.20405603835063 1.354028737455511E-4
55 0.0026029419423483848 1.354028737455511E-4
56 0.00268005865330908 1.354028737455511E-4
57 0.0025953262091842648 1.354028737455511E-4
58 0.003206135724277817 1.354028737455511E-4
59 0.006989379279756003 1.354028737455511E-4
60 0.047009262604959356 1.354028737455511E-4
61 0.01952174517958788 1.354028737455511E-4
62 1.2136579645045835 1.354028737455511E-4
63 6.094269722968498E-4 1.354028737455511E-4
64 6.500269518420604E-4 1.354028737455511E-4
65 0.006766226388704199 1.354028737455511E-4
66 4.2775882691185467E-4 1.354028737455511E-4
67 1674.1796889086597 1.354028737455511E-4
68 5.253568764394523E-4 1.354028737455511E-4
69 6.721217595186035E-4 1.354028737455511E-4
70 6.700315617387711E-4 1.354028737455511E-4
71 5.985869252148727E-4 1.354028737455511E-4
72 6.278017041920242E-4 1.354028737455511E-4
73 6.126199199297863E-4 1.354028737455511E-4
74 6.357055271274717E-4 1.354028737455511E-4
75 6.046199767899852E-4 1.354028737455511E-4
76 6.224332059133193E-4 1.354028737455511E-4
77 6.151321065120206E-4 1.354028737455511E-4
78 11.28968023723584 1.354028737455511E-4
79 633.377707874456 1.354028737455511E-4
80 11.66900851228964 1.354028737455511E-4
81 5.229285795647308E-4 1.354028737455511E-4
82 0.08917183009741447 1.354028737455511E-4
83 5.309769694593502E-4 1.354028737455511E-4
84 18.55883794120121 1.354028737455511E-4
85 5.1337142825333E-4 1.354028737455511E-4
86 5.141678597281399E-4 1.354028737455511E-4
87 5.022944455022325E-4 1.354028737455511E-4
88 8.290660215477109 1.354028737455511E-4
89 0.6750563923487799 1.354028737455511E-4
90 5.050278705477428E-4 1.354028737455511E-4
91 0.0012884867668647938 1.354028737455511E-4
92 4.218319052074818E-4 1.354028737455511E-4
93 3.769801709459104E-4 1.354028737455511E-4
94 3.7666297492279104E-4 1.354028737455511E-4
95 7.569165928831291E-4 1.354028737455511E-4
96 7.857633654518728E-4 1.354028737455511E-4
97 7.085277426094576E-4 1.354028737455511E-4
98 3.472057732126629E-4 1.354028737455511E-4
99 2.862473775015723E-4 1.354028737455511E-4
100 0.7718829124752851 1.354028737455511E-4
101 14381.52216931258 1.354028737455511E-4
102 0.15363626605381395 1.354028737455511E-4
103 1.4273813613848643 1.354028737455511E-4
104 5.197821498981588 1.354028737455511E-4
24 32.23952490890816 0.714343692738407
25 66.39947907489794 0.714343692738407
26 51.019147953129206 0.714343692738407
27 128.91472612855347 0.714343692738407
28 14.26825247345623 0.714343692738407
29 1.9445834317732493 0.714343692738407
30 16.90585623008941 0.714343692738407
31 14.54786691962314 0.714343692738407
32 12.195314099394702 0.714343692738407
33 70.71629690095997 0.714343692738407
34 18.02358968608017 0.714343692738407
35 134.3374172385317 0.714343692738407
36 35.94508505559452 0.714343692738407
37 27.124809599375325 0.714343692738407
38 437.9195636144037 0.714343692738407
39 10.409512602292356 0.714343692738407
40 11.133288158706112 0.714343692738407
41 14.111812937627136 0.714343692738407
42 13.336602887305432 0.714343692738407
43 27.044441365725113 0.714343692738407
44 141.0249450237824 0.714343692738407
45 108.17615284525071 0.714343692738407
46 29.50057825741009 0.714343692738407
47 12.4732671466173 0.714343692738407
48 24.88678707066687 0.714343692738407
49 7.519706724034927 0.714343692738407
50 7.099376651959933 0.714343692738407
51 73.47643849983967 0.714343692738407
52 40.93523632315015 0.714343692738407
53 125.57267049962371 0.714343692738407
54 12.40717818479516 0.714343692738407
55 16.144017394039054 0.714343692738407
56 13.427228346833381 0.714343692738407
57 132.16250664673143 0.714343692738407
58 7.51992197991385 0.714343692738407
59 6.19604307609428 0.714343692738407
60 9.076514621255306 0.714343692738407
61 48.05117561071976 0.714343692738407
62 617.5319071498373 0.714343692738407
63 40.675903752234454 0.714343692738407
64 86.16771685275766 0.714343692738407
65 23.078143054895055 0.714343692738407
66 54.782948041050716 0.714343692738407
67 3.8718115983194017 0.714343692738407
68 135.46059893463953 0.714343692738407
69 56.921547283830236 0.714343692738407
70 16.576779889081017 0.714343692738407
71 28.79971925039286 0.714343692738407
72 36.98464596141722 0.714343692738407
73 4.92046323343673 0.714343692738407
74 35.38192546627437 0.714343692738407
75 8.009771648106435 0.714343692738407
76 12.979691219344136 0.714343692738407
77 8.679176008821903 0.714343692738407
78 1.4293225643383287 0.714343692738407
79 20.01292228891649 0.714343692738407
80 13.45602344339551 0.714343692738407
81 1.4544920082917614 0.714343692738407
82 14.87735908066971 0.714343692738407
83 14.220884020123377 0.714343692738407
84 20.19972507105078 0.714343692738407
85 15.076493453101381 0.714343692738407
86 4.117547220335231 0.714343692738407
87 14.144447928152601 0.714343692738407
88 94.53333163762863 0.714343692738407
89 20.792315051982857 0.714343692738407
90 2.240658654369737 0.714343692738407
91 4.407553376997991 0.714343692738407
92 20.25684895998063 0.714343692738407
93 21.636941259268962 0.714343692738407
94 12.712261416436542 0.714343692738407
95 15.965399246428456 0.714343692738407
96 21.213461124024047 0.714343692738407
97 13.970170614756032 0.714343692738407
98 2.910889798152218 0.714343692738407
99 24.41322484477645 0.714343692738407
100 2.1592795534034437 0.714343692738407
101 15.342361871447409 0.714343692738407
102 32.47572284667762 0.714343692738407
103 2.3108298894733377 0.714343692738407
104 16.777748373285938 0.714343692738407
105 22.45660432540211 0.714343692738407
106 2.2035699770222035 0.714343692738407
107 4.810117463285801 0.714343692738407
108 10.933978052738858 0.714343692738407
109 4.831482058686071 0.714343692738407
110 19.54407697505313 0.714343692738407
111 11.421982580020275 0.714343692738407
112 18.321156379635173 0.714343692738407
113 35.08160067393483 0.714343692738407
114 21.578511940630314 0.714343692738407
115 4.713282749473391 0.714343692738407
116 1.2136711347768474 0.714343692738407
117 94.73083876223698 0.714343692738407
118 1.1868574868028894 0.714343692738407
119 2.6486809724503484 0.714343692738407
120 10.444866926303114 0.714343692738407
121 38.58624289676482 0.714343692738407
122 4.749552368587382 0.714343692738407
123 1.9199781481216809 0.714343692738407
