24 4.809514750901253 4.809514750901253
25 4.416183774497501 4.416183774497501
26 4.362718387698886 4.362718387698886
27 3.5757105389739836 3.5757105389739836
28 5.358754810559326 3.5757105389739836
29 4.348749470069901 3.5757105389739836
30 4.407735492594869 3.5757105389739836
31 4.598662361262727 3.5757105389739836
32 2.1179671106615983 2.1179671106615983
33 193.94697105950124 2.1179671106615983
34 6.481993560869414 2.1179671106615983
35 31.859360751397087 2.1179671106615983
36 4.515126616076607 2.1179671106615983
37 14.872127313818822 2.1179671106615983
38 0.9010299502986334 0.9010299502986334
39 0.9214286426597871 0.9010299502986334
40 0.8855949676112329 0.8855949676112329
41 0.9646180581880108 0.8855949676112329
42 1.088338690986829 0.8855949676112329
43 1.0119315282724182 0.8855949676112329
44 1.0009979639218776 0.8855949676112329
45 1.1486127283201242 0.8855949676112329
46 1.01584198308354 0.8855949676112329
47 1.0748562256368868 0.8855949676112329
48 1.1769603438729817 0.8855949676112329
49 1.2227209518198787 0.8855949676112329
50 1.1515578153195125 0.8855949676112329
51 1.1401771916836734 0.8855949676112329
52 1.5947842885537122 0.8855949676112329
53 1.4638458394239464 0.8855949676112329
54 0.992627686377053 0.8855949676112329
55 0.9236026691538451 0.8855949676112329
56 0.941965624475217 0.8855949676112329
57 0.9545534906047238 0.8855949676112329
58 0.9580963663940314 0.8855949676112329
59 0.9910576997617578 0.8855949676112329
60 0.9873256059215518 0.8855949676112329
61 1.036739196915718 0.8855949676112329
62 1.0438709982041896 0.8855949676112329
24 13.545053522321853 13.545053522321853
25 12.354275686339957 12.354275686339957
26 14.5386770556384 12.354275686339957
27 25.6185568511796 12.354275686339957
28 17.462295416781036 12.354275686339957
29 18.596659928402254 12.354275686339957
30 35.20365678348941 12.354275686339957
31 7.474754069228376 7.474754069228376
32 2.273352458348092 2.273352458348092
33 7.201210408548746 2.273352458348092
34 2.1249543562661644 2.1249543562661644
35 2.471996085379809 2.1249543562661644
36 2.4975315485609633 2.1249543562661644
37 2.3598134676849183 2.1249543562661644
38 2.1658533833164952 2.1249543562661644
39 1.6798825674508309 1.6798825674508309
40 1.902086321989625 1.6798825674508309
41 0.965180864806395 0.965180864806395
42 2.679160353901543 0.965180864806395
43 50.131851785729864 0.965180864806395
44 14.796716443822655 0.965180864806395
45 0.734714689848055 0.734714689848055
46 2382.4524928395213 0.734714689848055
47 0.5494978403487629 0.5494978403487629
48 1110.4711776499505 0.5494978403487629
49 1.0631167818807483 0.5494978403487629
50 1.189536624918539 0.5494978403487629
51 0.5916909667552029 0.5494978403487629
52 1.5811887005036822 0.5494978403487629
53 0.2984650316944738 0.2984650316944738
54 0.33487272392355105 0.2984650316944738
55 0.7259472932011548 0.2984650316944738
56 0.41627248619477436 0.2984650316944738
57 0.5042494753709813 0.2984650316944738
58 0.5650885449169185 0.2984650316944738
59 0.7758754302651922 0.2984650316944738
60 0.5663235950655687 0.2984650316944738
61 0.4878120690943262 0.2984650316944738
62 0.5656270090643174 0.2984650316944738
63 0.510544672894034 0.2984650316944738
64 0.49751260389070684 0.2984650316944738
65 1.1099921603490297 0.2984650316944738
66 0.6558265307052353 0.2984650316944738
