24 0.9602133138413927 0.9602133138413927
25 0.6927330407254811 0.6927330407254811
26 0.4707309000089128 0.4707309000089128
27 0.7337957362469374 0.4707309000089128
28 0.5815586263937043 0.4707309000089128
29 0.42457907384698973 0.42457907384698973
30 0.3223557425881745 0.3223557425881745
31 0.017774944842092976 0.017774944842092976
32 61.27784851119781 0.017774944842092976
33 0.5324608029942742 0.017774944842092976
34 2.272507688711967 0.017774944842092976
35 1.5194698813372471 0.017774944842092976
36 3.468013910575407 0.017774944842092976
37 0.0038069874621244493 0.0038069874621244493
38 0.002416580507470816 0.002416580507470816
39 0.002357422094315696 0.002357422094315696
40 0.0019880895320236007 0.0019880895320236007
41 0.003079108277376757 0.0019880895320236007
42 0.002768856348364778 0.0019880895320236007
43 0.008301289813306544 0.0019880895320236007
44 0.009097777544012916 0.0019880895320236007
45 0.0093019082796562 0.0019880895320236007
46 0.1877722415619862 0.0019880895320236007
47 0.024647478353401468 0.0019880895320236007
