24 28.16897380507898 13.358685136556037
25 12.728753399624829 12.728753399624829
26 29.007836138105603 12.728753399624829
27 5.716634891003856 5.716634891003856
28 1.4366786443707156 1.4366786443707156
29 2.4633901159864955 1.4366786443707156
30 1.9274783785107399 1.4366786443707156
31 1.7704638583622234 1.4366786443707156
32 1.0360092534804899 1.0360092534804899
33 11.513610377455763 1.0360092534804899
34 3.6245767111701754 1.0360092534804899
35 0.4011185161103725 0.4011185161103725
36 10.118784427216884 0.4011185161103725
37 1.584757694673467 0.4011185161103725
38 5.048332253807054 0.4011185161103725
39 6.561525749210683 0.4011185161103725
40 0.5179884219668143 0.4011185161103725
41 0.41528750225104893 0.4011185161103725
42 0.4886993708053069 0.4011185161103725
43 0.46904884016329085 0.4011185161103725
44 0.45781650405210783 0.4011185161103725
45 0.4440036488054311 0.4011185161103725
46 0.4382607993062617 0.4011185161103725
47 0.423859216437263 0.4011185161103725
48 59.670806484902705 0.4011185161103725
49 13.61763973638337 0.4011185161103725
50 0.40007232273948645 0.40007232273948645
51 0.40178623783868694 0.40007232273948645
52 0.40101688690349313 0.40007232273948645
53 0.40528588281034494 0.40007232273948645
54 0.41447135651865885 0.40007232273948645
55 0.4088935268771472 0.40007232273948645
56 0.5559117952131434 0.40007232273948645
57 0.4801934558674912 0.40007232273948645
58 0.40105062286998994 0.40007232273948645
59 0.40668611341003214 0.40007232273948645
60 0.4268958087287693 0.40007232273948645
61 0.4005911846815948 0.40007232273948645
62 0.39800732421941554 0.39800732421941554
63 0.39991521503342575 0.39800732421941554
64 0.39815721766884415 0.39800732421941554
65 0.3983476145220557 0.39800732421941554
66 0.3985119605649654 0.39800732421941554
67 0.3987597973972168 0.39800732421941554
68 0.39875199497525493 0.39800732421941554
69 0.3986325503463988 0.39800732421941554
70 0.39883124760914335 0.39800732421941554
71 0.39880466277778126 0.39800732421941554
72 0.3990961326976681 0.39800732421941554
73 0.3987528489801022 0.39800732421941554
74 0.3993583904658795 0.39800732421941554
75 0.39940887135529834 0.39800732421941554
76 0.3988063720358763 0.39800732421941554
77 0.3999120003085004 0.39800732421941554
78 0.3987090924566008 0.39800732421941554
79 0.39995354880899114 0.39800732421941554
80 0.39852616765297455 0.39800732421941554
81 0.39850950049804723 0.39800732421941554
82 0.39873117550557424 0.39800732421941554
83 0.3986983193389442 0.39800732421941554
84 0.39867299887824004 0.39800732421941554
85 0.4027640810961568 0.39800732421941554
86 0.398740602028429 0.39800732421941554
87 0.3987096950391713 0.39800732421941554
88 0.39887692610682635 0.39800732421941554
89 0.3985697928889902 0.39800732421941554
90 0.3985892804438489 0.39800732421941554
91 0.39861672202692766 0.39800732421941554
92 0.39882308119069165 0.39800732421941554
93 0.3992351512972405 0.39800732421941554
94 7.239549979953309 0.39800732421941554
95 0.3986843456036233 0.39800732421941554
96 0.3985938490274812 0.39800732421941554
97 0.39859886891425766 0.39800732421941554
98 0.3986326384622281 0.39800732421941554
99 0.39858617923195894 0.39800732421941554
100 0.39857457941510965 0.39800732421941554
24 22.62593608460093 2.3684568716272594
25 60.598806927885775 2.3684568716272594
26 3.8875107592250577 2.3684568716272594
27 9.420236211399498 2.3684568716272594
28 8.015633525068665 2.3684568716272594
29 7.664776429105707 2.3684568716272594
30 19.57133934007254 2.3684568716272594
31 8.455594793100076 2.3684568716272594
32 27.857640427248 2.3684568716272594
33 9.14669499623151 2.3684568716272594
34 11.097453487816189 2.3684568716272594
35 1.9431427408129238 1.9431427408129238
36 1.847455606905898 1.847455606905898
37 1.808982261611833 1.808982261611833
38 1.6108387760151928 1.6108387760151928
39 0.7324086712087787 0.7324086712087787
40 1.0368125439350369 0.7324086712087787
41 5.01457185527449 0.7324086712087787
42 0.42417188799618977 0.42417188799618977
43 0.5256828152680502 0.42417188799618977
44 0.4455935731925109 0.42417188799618977
45 0.46167796493400814 0.42417188799618977
46 0.4582289652768523 0.42417188799618977
47 0.6312515819364783 0.42417188799618977
48 1.083836971741409 0.42417188799618977
49 0.41245440582232007 0.41245440582232007
50 0.43371467837079614 0.41245440582232007
51 0.43755173994004615 0.41245440582232007
52 0.49776754743922247 0.41245440582232007
53 0.4748191281977352 0.41245440582232007
54 0.3994347902335349 0.3994347902335349
55 0.3986218177369629 0.3986218177369629
56 0.39822590641405675 0.39822590641405675
57 0.4006821806775438 0.39822590641405675
58 0.398083996731069 0.398083996731069
59 0.39886045953567795 0.398083996731069
60 0.4348458646580493 0.398083996731069
61 0.40540285746308413 0.398083996731069
62 0.39896733139575424 0.398083996731069
24 9.249679022490577 19.952719411041958
25 18.208593121566597 19.952719411041958
26 18.450232062969715 19.952719411041958
27 2.7095554401518855 19.952719411041958
28 1.0239729790982945 19.952719411041958
29 5.4864128237081005 19.952719411041958
30 2.737474560535646 19.952719411041958
31 0.5883149382896207 19.952719411041958
32 7.903603700785446 19.952719411041958
33 1.2404831825960105 19.952719411041958
34 0.828766128350555 19.952719411041958
35 0.9124162396319804 19.952719411041958
36 7.918101805633331 19.952719411041958
37 1.057773362144987 19.952719411041958
38 1.0104881923496123 19.952719411041958
39 2.935197562933884 19.952719411041958
40 16.801126735318825 19.952719411041958
41 0.4514447386192053 19.952719411041958
42 2.731095117299703 19.952719411041958
43 0.4276828705071285 19.952719411041958
44 0.43267486347099293 19.952719411041958
45 18.006118908889153 19.952719411041958
46 2.0171753057434767 19.952719411041958
47 1.6164312718321963 19.952719411041958
48 5.797576298785127 19.952719411041958
49 0.48839526330020533 19.952719411041958
50 0.4424918461177576 19.952719411041958
51 3.53013025178924 19.952719411041958
52 0.44879329109276433 19.952719411041958
53 1.6839883686189339 19.952719411041958
54 16.557033210565955 19.952719411041958
55 0.5980529280192606 19.952719411041958
56 1.0042031938013505 19.952719411041958
57 0.6594872757665033 19.952719411041958
58 0.4551117702574068 19.952719411041958
59 0.6445455900672332 19.952719411041958
60 0.6202012052679073 19.952719411041958
61 0.5579961622078127 19.952719411041958
62 1.22114856928326 19.952719411041958
63 0.6150901271573836 19.952719411041958
64 0.5829977054019135 19.952719411041958
65 0.5793773783485303 19.952719411041958
66 0.5793565885556067 19.952719411041958
67 0.5878412424782358 19.952719411041958
68 0.582239049648198 19.952719411041958
69 0.4175083628798788 19.952719411041958
70 3.9694334541335126 19.952719411041958
71 0.4456240368580584 19.952719411041958
72 0.4313130131569842 19.952719411041958
73 0.4496385811706354 19.952719411041958
74 0.43267865994883437 19.952719411041958
75 0.42941232880503577 19.952719411041958
76 0.4295590061562695 19.952719411041958
24 19.18802281125062 15.137259764970185
25 12.261124958603947 15.137259764970185
26 4.8963055704435625 15.137259764970185
27 3.8489908161154105 15.137259764970185
28 2.705391589611687 15.137259764970185
29 2.70600471442188 15.137259764970185
30 2.7053970147560067 15.137259764970185
31 2.7054398424038837 15.137259764970185
32 2.705439684580953 15.137259764970185
33 2.7054839960797032 15.137259764970185
34 2.706071158861353 15.137259764970185
35 2.720623927531567 15.137259764970185
36 2.7192641374481674 15.137259764970185
37 2.718247690941679 15.137259764970185
38 2.7054006930874905 15.137259764970185
39 2.705422221496618 15.137259764970185
40 2.7054198311140265 15.137259764970185
41 2.7054518553554736 15.137259764970185
42 2.7054195214459478 15.137259764970185
43 2.705425438318806 15.137259764970185
44 2.7054017959794487 15.137259764970185
45 6.442977364366507 15.137259764970185
46 17.508299515777196 15.137259764970185
47 2.705584992020828 15.137259764970185
48 2.706712590015977 15.137259764970185
49 2.7055911465792732 15.137259764970185
50 2.7055927437143996 15.137259764970185
51 2.706729539947016 15.137259764970185
52 2.7067237498046133 15.137259764970185
53 2.7055803533379246 15.137259764970185
54 2.7056240945903145 15.137259764970185
55 2.7067240132299784 15.137259764970185
56 2.7056032321318666 15.137259764970185
57 2.7055401374334638 15.137259764970185
58 2.7067243374345376 15.137259764970185
59 2.706715115805501 15.137259764970185
60 2.7056033038015057 15.137259764970185
61 2.706714631740658 15.137259764970185
62 2.772958451870358 15.137259764970185
63 2.705391111403249 15.137259764970185
64 2.706649486577195 15.137259764970185
65 2.7067239173935453 15.137259764970185
66 2.705597996561745 15.137259764970185
67 2.7165913047181887 15.137259764970185
68 2.706689786758214 15.137259764970185
69 2.7055835592403668 15.137259764970185
70 2.706727657512314 15.137259764970185
71 2.705599117966667 15.137259764970185
72 2.705599077685944 15.137259764970185
73 2.7066830605494188 15.137259764970185
74 2.716028281294669 15.137259764970185
75 2.705539732168962 15.137259764970185
76 2.7066433503698404 15.137259764970185
77 2.715197063578553 15.137259764970185
78 2.7066778763610406 15.137259764970185
79 2.7055978064536443 15.137259764970185
80 2.705606457330237 15.137259764970185
81 2.705599586291127 15.137259764970185
82 2.7055857905883087 15.137259764970185
83 2.7067203330872474 15.137259764970185
84 2.7056009794343447 15.137259764970185
85 2.70662546888442 15.137259764970185
86 2.706682825555215 15.137259764970185
87 2.7056048653399296 15.137259764970185
88 2.706685950264121 15.137259764970185
89 2.705391102315356 15.137259764970185
90 2.7528595613774955 15.137259764970185
91 2.5606039153495486 15.137259764970185
92 20.83852364316528 15.137259764970185
93 1.6155662246890952 15.137259764970185
94 1.7639362141902826 15.137259764970185
95 6.416241101219957 15.137259764970185
96 1.6618305187724989 15.137259764970185
97 1.538316134201505 15.137259764970185
98 1.3303108901848084 15.137259764970185
99 2.5301072261713893 15.137259764970185
100 0.507610722686394 15.137259764970185
101 0.5464236896781482 15.137259764970185
102 2.815403734418953 15.137259764970185
103 3.3393027265071886 15.137259764970185
104 1.1941246854473597 15.137259764970185
105 1.3578441912767527 15.137259764970185
106 0.853153341282237 15.137259764970185
107 2.6923297386663014 15.137259764970185
108 1.0014400497235183 15.137259764970185
109 0.8486829198187333 15.137259764970185
110 2.027511989537416 15.137259764970185
111 0.8734372138043707 15.137259764970185
112 0.8766490284890072 15.137259764970185
113 1.2560117482896427 15.137259764970185
114 1.6717821587908244 15.137259764970185
115 0.7634429092812756 15.137259764970185
116 0.8098663576520764 15.137259764970185
117 0.855845830402604 15.137259764970185
118 0.6554182815410847 15.137259764970185
119 1.2313630135521691 15.137259764970185
120 0.8672008623796081 15.137259764970185
121 0.8531514792107888 15.137259764970185
122 0.6746687816927679 15.137259764970185
123 0.674329511941874 15.137259764970185
124 0.8860985748185257 15.137259764970185
125 0.8721263677612345 15.137259764970185
126 0.7285012866305536 15.137259764970185
127 0.840227795078798 15.137259764970185
128 0.8924620069764693 15.137259764970185
129 0.8866972456778086 15.137259764970185
130 0.8423051486410955 15.137259764970185
131 0.7344339972758469 15.137259764970185
132 0.8858839233945197 15.137259764970185
133 0.8443572138197357 15.137259764970185
134 0.8444211470225031 15.137259764970185
135 0.7386819040268815 15.137259764970185
136 0.8560912842640462 15.137259764970185
137 0.9130255933122218 15.137259764970185
138 0.8583589982997264 15.137259764970185
139 0.858658194722226 15.137259764970185
140 0.8921146416674617 15.137259764970185
141 0.8584695399417814 15.137259764970185
142 0.7391733218834098 15.137259764970185
143 0.8691701800206886 15.137259764970185
144 0.8681913115289976 15.137259764970185
145 0.868244813035794 15.137259764970185
146 0.6681028786398553 15.137259764970185
147 0.9116804903515447 15.137259764970185
148 0.6726244101393366 15.137259764970185
149 0.8474258217033572 15.137259764970185
150 0.9066507910701453 15.137259764970185
151 0.6573224251571794 15.137259764970185
152 0.6057069277497007 15.137259764970185
153 0.6029605918268466 15.137259764970185
154 0.8850379064467084 15.137259764970185
155 0.8894226818856055 15.137259764970185
156 0.566338477022768 15.137259764970185
157 0.9610657009053654 15.137259764970185
158 0.7036341485895914 15.137259764970185
159 0.7206135398133569 15.137259764970185
160 0.5915840310778862 15.137259764970185
161 0.6063208278933949 15.137259764970185
162 0.7459646287056945 15.137259764970185
163 0.6025702983374792 15.137259764970185
164 0.8144738397240925 15.137259764970185
165 0.7169534521438159 15.137259764970185
166 0.7449157703471485 15.137259764970185
167 0.6151192527644795 15.137259764970185
168 0.5979343194655762 15.137259764970185
169 0.800195381149237 15.137259764970185
170 0.5730492355690302 15.137259764970185
171 0.6135920179806753 15.137259764970185
172 0.6136263983914318 15.137259764970185
173 0.5487549013961992 15.137259764970185
174 0.6061419688323753 15.137259764970185
175 0.6221300344917626 15.137259764970185
176 0.6105486342359558 15.137259764970185
177 0.6580416135436415 15.137259764970185
178 0.6325695378236222 15.137259764970185
179 0.6300569486217924 15.137259764970185
180 0.6466408264472143 15.137259764970185
181 0.5348414854080179 15.137259764970185
182 0.6877274496924048 15.137259764970185
183 0.7361987449548391 15.137259764970185
184 0.6728291493236327 15.137259764970185
185 0.7390135319268829 15.137259764970185
186 0.6769085506574477 15.137259764970185
187 0.7898768723705789 15.137259764970185
188 0.7783254992624222 15.137259764970185
189 0.7381025576394755 15.137259764970185
190 0.6724268999489951 15.137259764970185
191 0.6597761030712253 15.137259764970185
192 0.6690286841272535 15.137259764970185
193 0.5501407243081022 15.137259764970185
194 0.7565201612856427 15.137259764970185
195 0.7258787340290187 15.137259764970185
196 0.80234335008792 15.137259764970185
197 0.6990971218488369 15.137259764970185
198 0.7187982092063034 15.137259764970185
199 0.6559436256962208 15.137259764970185
200 0.7004982479968458 15.137259764970185
201 0.7131599214986952 15.137259764970185
202 0.6685628877166856 15.137259764970185
203 0.7226951827730428 15.137259764970185
204 0.5129931130531489 15.137259764970185
205 0.6715971850851048 15.137259764970185
206 0.4936180546455784 15.137259764970185
24 11.705586522544532 4.997452160079414
25 24.876455345183093 4.997452160079414
26 5.504248272626174 4.997452160079414
27 2.710084197073729 2.710084197073729
28 3.0896351923064644 2.710084197073729
29 3.55394150905863 2.710084197073729
30 4.378352407228297 2.710084197073729
31 4.434356541092011 2.710084197073729
32 4.244744027457282 2.710084197073729
33 5.248444763611602 2.710084197073729
34 19.84552981086535 2.710084197073729
35 0.8183732372858739 0.8183732372858739
36 0.7350551462234041 0.7350551462234041
24 17.157695314767697 0.8263904911323614
25 15.262958382785197 0.8263904911323614
26 84.41106839701814 0.8263904911323614
27 17.20399910342508 0.8263904911323614
28 25.958155693112772 0.8263904911323614
29 17.501335733289604 0.8263904911323614
30 0.7405401981597581 0.7405401981597581
31 7.508729298804383 0.7405401981597581
32 2.44816854334782 0.7405401981597581
33 3.214664511884517 0.7405401981597581
34 74.31279661410633 0.7405401981597581
35 5.669370608942599 0.7405401981597581
36 6.440353225856196 0.7405401981597581
37 1.7629161706006986 0.7405401981597581
38 0.6948770691881645 0.6948770691881645
39 0.6552428075807537 0.6552428075807537
40 12.384320158251224 0.6552428075807537
41 0.4761001722037257 0.4761001722037257
42 0.5356864096089797 0.4761001722037257
43 0.42731111145902645 0.42731111145902645
44 3.38432800412893 0.42731111145902645
45 0.4420281247536586 0.42731111145902645
46 1.1186623525112314 0.42731111145902645
47 0.43210424385689805 0.42731111145902645
48 0.8866177460126092 0.42731111145902645
49 0.40268553239614313 0.40268553239614313
50 0.5052107802171797 0.40268553239614313
51 2.6209593873618955 0.40268553239614313
52 0.42607280168550155 0.40268553239614313
53 0.4183683836706411 0.40268553239614313
54 0.6366148190154348 0.40268553239614313
55 0.4339100689977933 0.40268553239614313
56 0.4060896004628667 0.40268553239614313
57 0.6717901862196491 0.40268553239614313
58 0.4060862118779305 0.40268553239614313
59 0.4096519634527329 0.40268553239614313
60 0.4085862524976278 0.40268553239614313
61 0.6732883372536218 0.40268553239614313
62 0.3988490077997504 0.3988490077997504
63 0.4036490903869083 0.3988490077997504
64 0.4019718325494903 0.3988490077997504
65 0.4035526149058075 0.3988490077997504
66 0.40205155473017307 0.3988490077997504
67 0.4046895565533202 0.3988490077997504
68 0.39977656320178134 0.3988490077997504
69 0.40238205096916424 0.3988490077997504
70 0.4017942746063916 0.3988490077997504
71 0.40138420103468775 0.3988490077997504
72 0.39841641038847975 0.39841641038847975
73 0.3981941591360769 0.3981941591360769
74 0.3984872423026893 0.3981941591360769
75 0.3984919884641105 0.3981941591360769
76 0.3985247286164615 0.3981941591360769
77 0.39856987738666305 0.3981941591360769
78 0.39846069239399284 0.3981941591360769
79 0.39939678133122314 0.3981941591360769
80 0.3984521209976002 0.3981941591360769
81 0.3986911159617197 0.3981941591360769
82 16.551009275490706 0.3981941591360769
83 0.3987328430804489 0.3981941591360769
84 0.3986287342963557 0.3981941591360769
85 0.39860311882736177 0.3981941591360769
86 0.4104100653816758 0.3981941591360769
24 18.78395193957332 40.071543290208965
25 14.46797121183559 40.071543290208965
26 31.587764457527438 40.071543290208965
27 3.6498956611876974 40.071543290208965
28 14.56659469079631 40.071543290208965
29 18.60409520139802 40.071543290208965
30 17.347257672413388 40.071543290208965
31 1.685648691956553 40.071543290208965
32 8.254870161607247 40.071543290208965
33 5.873940621761276 40.071543290208965
34 4.455435181929993 40.071543290208965
35 24.360727967954112 40.071543290208965
36 2.709442685314804 40.071543290208965
37 8.121317957574867 40.071543290208965
38 3.393496601845272 40.071543290208965
39 2.7091353101721767 40.071543290208965
40 2.786077117454278 40.071543290208965
41 3.601466288662305 40.071543290208965
42 2.707392317723855 40.071543290208965
43 2.7568371492193444 40.071543290208965
44 2.7071274341021656 40.071543290208965
45 1.2865953683083955 40.071543290208965
46 2.706570756036114 40.071543290208965
47 2.7066320642365405 40.071543290208965
48 3.728393023524185 40.071543290208965
49 3.72387146033497 40.071543290208965
50 3.7158565622826174 40.071543290208965
51 0.8490750456713894 40.071543290208965
52 2.518854769299325 40.071543290208965
53 2.1168484678840302 40.071543290208965
54 1.3865972853404394 40.071543290208965
55 1.3618909776583514 40.071543290208965
56 2.679542362090138 40.071543290208965
57 1.2289746079346173 40.071543290208965
58 0.4306388984677163 40.071543290208965
59 2.969517251140932 40.071543290208965
60 2.826947188995236 40.071543290208965
61 2.7831276233345132 40.071543290208965
62 2.6721112230461745 40.071543290208965
63 0.6983390185755791 40.071543290208965
64 1.9218727904965682 40.071543290208965
65 12.245143797584356 40.071543290208965
66 3.910769722299234 40.071543290208965
67 3.219514452625951 40.071543290208965
68 0.6627600874657187 40.071543290208965
69 0.4235158283348781 40.071543290208965
70 2.1914184895903084 40.071543290208965
71 1.6203141585351357 40.071543290208965
72 0.8369110119897272 40.071543290208965
73 0.8179921456026467 40.071543290208965
74 0.4213848026911009 40.071543290208965
75 1.130185981196945 40.071543290208965
76 1.297906084298205 40.071543290208965
77 2.2681794610329096 40.071543290208965
78 0.9387816918269252 40.071543290208965
79 0.42521682126417026 40.071543290208965
80 1.925718852237381 40.071543290208965
24 17.50708204354375 5.475565046922296
25 10.010465160874507 5.475565046922296
26 17.906756813961998 5.475565046922296
27 28.016738976632393 5.475565046922296
28 35.31793980070638 5.475565046922296
29 17.508376316996085 5.475565046922296
30 18.099242749345198 5.475565046922296
31 12.209668674040744 5.475565046922296
32 3.6905974326110087 3.6905974326110087
33 14.544354461775626 3.6905974326110087
34 6.465494908531504 3.6905974326110087
35 3.1338645782578185 3.1338645782578185
36 5.672036569899115 3.1338645782578185
37 4.177905332021581 3.1338645782578185
38 2.957785960037288 2.957785960037288
39 5.490127544143366 2.957785960037288
40 20.37506231724067 2.957785960037288
41 1.5454889052451204 1.5454889052451204
42 1.2046357156306549 1.2046357156306549
43 1.7938536338184576 1.2046357156306549
44 9.82493415663671 1.2046357156306549
45 1.8587701709101658 1.2046357156306549
46 6.7751902464167575 1.2046357156306549
47 6.555878163365941 1.2046357156306549
48 1.544257674989348 1.2046357156306549
49 2.1062030077474105 1.2046357156306549
50 1.2612359515630054 1.2046357156306549
51 1.3665325503618995 1.2046357156306549
52 1.2681531668041188 1.2046357156306549
53 34.34579602071473 1.2046357156306549
54 0.7417162094821244 0.7417162094821244
55 1.166213210046113 0.7417162094821244
24 52.83174271090588 1.7866787588378603
25 10.613747111107124 1.7866787588378603
26 57.13015281916792 1.7866787588378603
27 0.5855723352340565 0.5855723352340565
28 15.96035835533323 0.5855723352340565
29 8.10259898877102 0.5855723352340565
30 0.44097471335290805 0.44097471335290805
31 19.818500990989122 0.44097471335290805
32 13.246274299610544 0.44097471335290805
33 5.120378621629242 0.44097471335290805
34 1.264625624640189 0.44097471335290805
35 1.0128866814845594 0.44097471335290805
36 0.7912794934075986 0.44097471335290805
37 1.422917179646996 0.44097471335290805
38 1.3128507505683498 0.44097471335290805
39 0.5273471477500564 0.44097471335290805
40 2.1600952088110885 0.44097471335290805
41 0.60555592499915 0.44097471335290805
42 0.4816699027339819 0.44097471335290805
43 0.3991668521481344 0.3991668521481344
44 0.42282523220188395 0.3991668521481344
45 0.4025687025473026 0.3991668521481344
46 0.40047301231471444 0.3991668521481344
47 0.402177825584042 0.3991668521481344
48 0.5645361838113523 0.3991668521481344
49 0.538189814779269 0.3991668521481344
50 15.75200739302334 0.3991668521481344
51 0.5192529100688787 0.3991668521481344
52 33.18877255459408 0.3991668521481344
53 13.240629999277292 0.3991668521481344
54 0.39869478285688587 0.39869478285688587
55 0.5349979759234262 0.39869478285688587
56 9.927031383285165 0.39869478285688587
57 0.39847002279112687 0.39847002279112687
58 0.4019046619633819 0.39847002279112687
59 0.39918924813885326 0.39847002279112687
60 0.399283508969118 0.39847002279112687
61 0.3995668995562802 0.39847002279112687
62 5.583798740595121 0.39847002279112687
63 0.40010186682403415 0.39847002279112687
64 0.4032255640174913 0.39847002279112687
24 16.2327295932688 13.662463006148473
25 6.815092200030486 13.662463006148473
26 52.30157150660038 13.662463006148473
27 13.27796669055363 13.662463006148473
28 6.046156267720473 13.662463006148473
29 5.45998355442304 13.662463006148473
30 4.647418722784581 13.662463006148473
31 5.432967667424061 13.662463006148473
32 8.188281829537175 13.662463006148473
33 4.406195456582634 13.662463006148473
34 4.353929732786948 13.662463006148473
35 4.281790785500074 13.662463006148473
36 5.3120356351326325 13.662463006148473
37 4.372700324199944 13.662463006148473
38 5.233657060422635 13.662463006148473
39 4.397387464497908 13.662463006148473
40 5.167346743455704 13.662463006148473
41 4.43528549501682 13.662463006148473
42 5.105882423674831 13.662463006148473
43 4.470356463769556 13.662463006148473
44 5.055011133941655 13.662463006148473
45 0.8057257657572077 13.662463006148473
46 7.148542030596051 13.662463006148473
47 3.42726855750014 13.662463006148473
48 1.3665382470347698 13.662463006148473
49 2.3367466534943624 13.662463006148473
50 0.5629826030806324 13.662463006148473
51 5.6371345950879475 13.662463006148473
52 0.7637279575560871 13.662463006148473
53 0.7443502667720736 13.662463006148473
54 1.2321479508436006 13.662463006148473
55 5.689156635513514 13.662463006148473
56 2.707086120986582 13.662463006148473
57 0.7285248771724806 13.662463006148473
58 1.160346145805054 13.662463006148473
59 0.7327162157515854 13.662463006148473
60 0.9073483128705675 13.662463006148473
61 1.6510876389397442 13.662463006148473
62 2.9095566812579214 13.662463006148473
63 2.3689335627266708 13.662463006148473
64 2.8370300922877423 13.662463006148473
65 2.5266023931998065 13.662463006148473
66 2.8038450597115725 13.662463006148473
67 2.6228137227967876 13.662463006148473
68 2.450413444539177 13.662463006148473
69 3.109877482284774 13.662463006148473
70 2.7607753608890686 13.662463006148473
71 2.7255870467939944 13.662463006148473
72 2.756197865361309 13.662463006148473
73 3.5960712755191793 13.662463006148473
74 2.7009831168200744 13.662463006148473
75 2.701550062585584 13.662463006148473
76 2.705100440156034 13.662463006148473
77 2.7754237055098336 13.662463006148473
78 2.5308574288131087 13.662463006148473
79 42.22920951293502 13.662463006148473
80 2.823285856482477 13.662463006148473
81 2.795171127114812 13.662463006148473
82 2.756415225501592 13.662463006148473
83 2.7540239400635986 13.662463006148473
84 3.9339135760577557 13.662463006148473
85 2.7595724636492074 13.662463006148473
86 2.6418464394105197 13.662463006148473
87 2.7834545915603437 13.662463006148473
88 2.768391965158954 13.662463006148473
89 2.771635259994884 13.662463006148473
90 2.7636277709012687 13.662463006148473
91 2.629197203307573 13.662463006148473
92 2.782955895275861 13.662463006148473
93 2.784131973550438 13.662463006148473
94 2.7818047740107135 13.662463006148473
95 2.7749654492804705 13.662463006148473
96 2.7716182799694193 13.662463006148473
97 2.767347143914825 13.662463006148473
98 2.7674196581188744 13.662463006148473
99 2.6099002550842005 13.662463006148473
100 2.78213368032936 13.662463006148473
101 2.785985700108606 13.662463006148473
102 2.7834311963589204 13.662463006148473
103 2.7818776077851863 13.662463006148473
104 2.77638527400065 13.662463006148473
105 2.7795439882370223 13.662463006148473
106 2.7732992722449072 13.662463006148473
107 2.7803230330217206 13.662463006148473
108 3.842821728353779 13.662463006148473
109 2.785499669725133 13.662463006148473
110 2.772610274862857 13.662463006148473
111 2.772854063171577 13.662463006148473
112 2.773593958928738 13.662463006148473
113 2.5568550297208334 13.662463006148473
114 2.795903841277662 13.662463006148473
115 2.8016246700389997 13.662463006148473
116 4.515903284405201 13.662463006148473
117 2.7853382756432286 13.662463006148473
118 2.792623693401083 13.662463006148473
24 18.77996282616067 1.0997331071533125
25 0.8423930951549572 0.8423930951549572
26 25.474802440809544 0.8423930951549572
27 2.6867499135957047 0.8423930951549572
28 5.042521555423808 0.8423930951549572
29 6.576433626343285 0.8423930951549572
30 17.180727076339963 0.8423930951549572
31 28.440738688499586 0.8423930951549572
32 0.5036677463575092 0.5036677463575092
33 0.44511931486514555 0.44511931486514555
34 0.5847756807911058 0.44511931486514555
35 0.7146748785211461 0.44511931486514555
36 3.1265497165212537 0.44511931486514555
37 0.5111718819794469 0.44511931486514555
38 0.45250011974567705 0.44511931486514555
39 0.7638690226147595 0.44511931486514555
40 1.3090227033505855 0.44511931486514555
41 1.9178860466179355 0.44511931486514555
42 0.4043418631420561 0.4043418631420561
43 0.4018727111933291 0.4018727111933291
44 0.6436838165222696 0.4018727111933291
45 0.39985984609401726 0.39985984609401726
46 0.39878234929539147 0.39878234929539147
47 1.4459439997937213 0.39878234929539147
48 0.3985583713640004 0.3985583713640004
49 0.4165891889525124 0.3985583713640004
50 0.39893193820663875 0.3985583713640004
24 0.8620465175053891 0.8620465175053891
25 23.524716330628845 0.8620465175053891
26 28.613820780257264 0.8620465175053891
27 83.7558664792608 0.8620465175053891
28 2.5719988820200497 0.8620465175053891
29 2.316643586219958 0.8620465175053891
30 1.6704920359634645 0.8620465175053891
31 64.91322044894531 0.8620465175053891
32 102.47155329559371 0.8620465175053891
33 101.67809204878299 0.8620465175053891
34 101.80496157184622 0.8620465175053891
35 101.81772729426278 0.8620465175053891
36 102.27308849388258 0.8620465175053891
37 101.39934753309376 0.8620465175053891
38 101.69373562756445 0.8620465175053891
39 101.47200388265402 0.8620465175053891
40 101.85834748984136 0.8620465175053891
41 101.06541025423785 0.8620465175053891
42 100.7597517264208 0.8620465175053891
43 100.9143714388312 0.8620465175053891
44 101.83615991444924 0.8620465175053891
45 101.92600180775601 0.8620465175053891
46 102.28810959468281 0.8620465175053891
47 100.69463927305031 0.8620465175053891
48 101.84691906673022 0.8620465175053891
49 102.12746704669789 0.8620465175053891
50 101.56861579716326 0.8620465175053891
51 102.22494153491907 0.8620465175053891
52 101.4301425232048 0.8620465175053891
53 102.0622474985752 0.8620465175053891
54 102.22566510007147 0.8620465175053891
55 101.44139812223047 0.8620465175053891
56 102.75655043253113 0.8620465175053891
57 102.39503378132088 0.8620465175053891
24 6.05318902298336 5.409495476114539
25 17.504910442888676 5.409495476114539
26 19.87434836425749 5.409495476114539
27 34.493033238897155 5.409495476114539
28 9.95080728078824 5.409495476114539
29 3.833725090525612 3.833725090525612
30 7.15342001145318 3.833725090525612
31 12.174318017477695 3.833725090525612
32 5.49645015648634 3.833725090525612
33 1.5993603552688924 1.5993603552688924
34 1.6651426784705645 1.5993603552688924
35 10.428604917429661 1.5993603552688924
36 1.6904448085244095 1.5993603552688924
37 6.0595950257816185 1.5993603552688924
38 17.28717881364566 1.5993603552688924
39 0.875345604899449 0.875345604899449
40 1.3412684180670187 0.875345604899449
41 0.8830543608430439 0.875345604899449
42 0.4790600888897618 0.4790600888897618
43 0.4827017988269269 0.4790600888897618
44 0.8599969524900182 0.4790600888897618
45 0.4457557345492056 0.4457557345492056
46 370.41432215917825 0.4457557345492056
47 69.5198763740556 0.4457557345492056
48 0.7017684614364512 0.4457557345492056
49 17.205904754505852 0.4457557345492056
50 17.236719325394688 0.4457557345492056
51 17.302769421967042 0.4457557345492056
52 17.198602906573957 0.4457557345492056
53 17.218748107232962 0.4457557345492056
54 17.18998602430731 0.4457557345492056
55 17.19431428072355 0.4457557345492056
56 17.164578731451314 0.4457557345492056
57 17.20873313920343 0.4457557345492056
58 0.4156062006275434 0.4156062006275434
59 132.36708963958563 0.4156062006275434
60 1.434113910905614 0.4156062006275434
61 0.4600473429435752 0.4156062006275434
62 42.35380769528649 0.4156062006275434
63 91.05936066913787 0.4156062006275434
64 1.3816888422659428 0.4156062006275434
65 3.776674290553542 0.4156062006275434
66 112.30055370613304 0.4156062006275434
67 153.8156302804652 0.4156062006275434
68 103.32023081061831 0.4156062006275434
69 121.32124394382913 0.4156062006275434
70 103.43510342423747 0.4156062006275434
71 145.52988855053815 0.4156062006275434
72 115.23686336207156 0.4156062006275434
73 154.14217479479686 0.4156062006275434
74 153.4483326757106 0.4156062006275434
75 160.1244720785726 0.4156062006275434
76 81.4208253476286 0.4156062006275434
77 108.8959115922665 0.4156062006275434
78 87.6328173250459 0.4156062006275434
79 166.20091690104294 0.4156062006275434
80 138.63955277531787 0.4156062006275434
81 143.64317512650703 0.4156062006275434
82 142.1874366427684 0.4156062006275434
83 58.325670763824725 0.4156062006275434
84 146.21765830899122 0.4156062006275434
85 128.594804536689 0.4156062006275434
86 147.77401688482152 0.4156062006275434
87 78.93061076682571 0.4156062006275434
88 138.55437357647068 0.4156062006275434
89 140.6332486097403 0.4156062006275434
90 135.7001403139255 0.4156062006275434
91 139.76647980028238 0.4156062006275434
92 147.53543583626777 0.4156062006275434
93 70.2320734306791 0.4156062006275434
94 123.29119763765544 0.4156062006275434
95 119.52738257940764 0.4156062006275434
96 138.10754089591046 0.4156062006275434
97 25.610644099158016 0.4156062006275434
98 146.6271971025521 0.4156062006275434
99 121.52485869086192 0.4156062006275434
100 106.72497069602902 0.4156062006275434
101 35.50769312517449 0.4156062006275434
102 142.79953777719382 0.4156062006275434
103 132.7087628209387 0.4156062006275434
104 126.3735232562108 0.4156062006275434
105 121.93686297502362 0.4156062006275434
106 112.14818426213516 0.4156062006275434
107 153.2278204691636 0.4156062006275434
108 145.45590943736934 0.4156062006275434
109 144.50953044644766 0.4156062006275434
110 164.19649787940386 0.4156062006275434
111 152.7828457118895 0.4156062006275434
112 112.05036432534622 0.4156062006275434
113 162.68749976124212 0.4156062006275434
114 116.94000308647372 0.4156062006275434
115 1.226476934402104 0.4156062006275434
116 156.6293319565227 0.4156062006275434
117 185.97358953499804 0.4156062006275434
118 114.12623951435538 0.4156062006275434
119 5.755248394101069 0.4156062006275434
120 113.26514476817512 0.4156062006275434
121 136.78691445099597 0.4156062006275434
122 119.25693642252288 0.4156062006275434
123 4.259740670451392 0.4156062006275434
24 2.706368115956889 2.706368115956889
25 4.515789630461649 2.706368115956889
26 17.509298552323692 2.706368115956889
27 2.708660016912816 2.706368115956889
28 2.8713410457495847 2.706368115956889
29 37.54724837740327 2.706368115956889
30 3.4199409730576713 2.706368115956889
31 2.716519429571787 2.706368115956889
32 2.7107280257689066 2.706368115956889
33 2.7518101776840833 2.706368115956889
34 3.881627870336885 2.706368115956889
35 2.769372546061046 2.706368115956889
36 17.491261720955006 2.706368115956889
37 78.06362152496594 2.706368115956889
38 130.90090173156517 2.706368115956889
39 114.10338529373355 2.706368115956889
40 110.37786644921616 2.706368115956889
41 68.74411176630389 2.706368115956889
42 96.14090723094617 2.706368115956889
43 63.575124428769506 2.706368115956889
44 73.17065932684913 2.706368115956889
45 73.77476374345318 2.706368115956889
46 110.7599462485676 2.706368115956889
47 71.05982495298613 2.706368115956889
48 65.08403582406558 2.706368115956889
49 127.34317829778432 2.706368115956889
50 115.89092009975982 2.706368115956889
51 111.59048250198249 2.706368115956889
52 85.9706230949492 2.706368115956889
53 71.8136552485045 2.706368115956889
54 113.26076864173447 2.706368115956889
55 90.08091833691101 2.706368115956889
56 207.60382190305828 2.706368115956889
57 73.28734750320245 2.706368115956889
58 131.1990294173999 2.706368115956889
59 100.1753906169421 2.706368115956889
60 175.9161262298708 2.706368115956889
61 62.02420124270632 2.706368115956889
62 100.47477508670208 2.706368115956889
63 99.95163503356866 2.706368115956889
64 153.8365644740764 2.706368115956889
65 81.72185100506996 2.706368115956889
66 69.9300452492514 2.706368115956889
67 122.33696975183894 2.706368115956889
68 171.29324179003464 2.706368115956889
69 67.45483919031057 2.706368115956889
24 177.79874820223557 0.8689129983386845
25 98.99884864223199 0.8689129983386845
26 13.19124016854801 0.8689129983386845
27 39.096256811520355 0.8689129983386845
28 11.304700924163557 0.8689129983386845
29 2.8098039712211573 0.8689129983386845
30 65.53858205582083 0.8689129983386845
31 1.9692895121935923 0.8689129983386845
32 56.52833031487562 0.8689129983386845
33 2.1383238707937124 0.8689129983386845
34 2.2683806414652423 0.8689129983386845
35 0.804163806476911 0.804163806476911
36 0.6882152797203158 0.6882152797203158
37 0.8597330122350915 0.6882152797203158
38 16.867548156817715 0.6882152797203158
39 0.5945036320399488 0.5945036320399488
40 0.6323315272681818 0.5945036320399488
41 0.6306735315543435 0.5945036320399488
42 6.122988159314598 0.5945036320399488
43 17.18132501278207 0.5945036320399488
44 0.6697297784557463 0.5945036320399488
45 106.16654414490081 0.5945036320399488
46 20.67249865341831 0.5945036320399488
47 35.91964259981849 0.5945036320399488
48 190.26282049170194 0.5945036320399488
49 40.1190306885543 0.5945036320399488
50 50.08987603324764 0.5945036320399488
51 55.132789989872705 0.5945036320399488
52 90.50946001344637 0.5945036320399488
53 2.2696769258722274 0.5945036320399488
54 0.9187423200308995 0.5945036320399488
55 74.94651110074496 0.5945036320399488
56 29.32060573848215 0.5945036320399488
57 14.331701372410791 0.5945036320399488
58 1.1385083899190178 0.5945036320399488
59 0.40862651646844306 0.40862651646844306
60 0.40673650947470463 0.40673650947470463
61 1.0228134952627919 0.40673650947470463
62 0.4066395370585454 0.4066395370585454
63 78.54713390255039 0.4066395370585454
24 264.92535753419247 0.9786625661669053
25 264.9271245701874 0.9786625661669053
26 264.92589968799416 0.9786625661669053
27 264.9272902443329 0.9786625661669053
28 264.9234384098984 0.9786625661669053
29 264.9253393642947 0.9786625661669053
30 264.92619175744915 0.9786625661669053
31 264.9264880134498 0.9786625661669053
32 264.9261208085947 0.9786625661669053
33 264.92623515612695 0.9786625661669053
34 264.92483297017304 0.9786625661669053
35 264.92398515244463 0.9786625661669053
36 264.9235502068334 0.9786625661669053
37 264.9265620860311 0.9786625661669053
38 264.92622088830274 0.9786625661669053
39 264.9243568228802 0.9786625661669053
40 264.9271758920755 0.9786625661669053
41 264.9241302576976 0.9786625661669053
42 264.92554530948394 0.9786625661669053
43 264.9256885070249 0.9786625661669053
44 264.926196299965 0.9786625661669053
45 264.9269603782282 0.9786625661669053
46 264.92587855000846 0.9786625661669053
47 264.9245319955719 0.9786625661669053
48 264.92698189118323 0.9786625661669053
49 264.92502625465426 0.9786625661669053
50 264.9260525416664 0.9786625661669053
51 264.9246969940549 0.9786625661669053
52 264.9263910256139 0.9786625661669053
53 264.9269446744706 0.9786625661669053
54 264.92480236586346 0.9786625661669053
55 264.9267073993186 0.9786625661669053
56 264.9244836543017 0.9786625661669053
57 264.9252845052466 0.9786625661669053
58 264.92551025625426 0.9786625661669053
59 264.92675844719486 0.9786625661669053
60 264.92352424499023 0.9786625661669053
61 264.92389338483633 0.9786625661669053
62 264.92611038390254 0.9786625661669053
63 264.92479296896096 0.9786625661669053
64 264.92505336938126 0.9786625661669053
65 264.92471765605194 0.9786625661669053
66 264.9261449646983 0.9786625661669053
67 264.92549612733217 0.9786625661669053
68 264.925730493 0.9786625661669053
69 264.9260713554361 0.9786625661669053
70 264.92600822991267 0.9786625661669053
71 264.92601064045357 0.9786625661669053
72 264.9262036374482 0.9786625661669053
73 264.92342129765666 0.9786625661669053
74 264.9257477914957 0.9786625661669053
75 264.92523918853294 0.9786625661669053
76 264.9262608757 0.9786625661669053
77 264.926529639764 0.9786625661669053
78 264.9256009416106 0.9786625661669053
79 264.9236115746485 0.9786625661669053
80 264.9269904586203 0.9786625661669053
81 264.92439678893857 0.9786625661669053
82 264.9269463454722 0.9786625661669053
83 264.9264099570246 0.9786625661669053
84 264.92272453275075 0.9786625661669053
85 264.9270665092804 0.9786625661669053
86 264.92667055836404 0.9786625661669053
87 264.925418151277 0.9786625661669053
88 264.9258598620006 0.9786625661669053
89 264.9256593280311 0.9786625661669053
90 264.9231937569038 0.9786625661669053
91 264.9268190506209 0.9786625661669053
92 264.9250060984318 0.9786625661669053
93 264.9269702068559 0.9786625661669053
94 264.925166914129 0.9786625661669053
95 264.9253905315623 0.9786625661669053
96 264.9260944083964 0.9786625661669053
97 264.92290073666163 0.9786625661669053
98 264.9247247867437 0.9786625661669053
99 264.92654884478725 0.9786625661669053
24 23.302521970310114 8.041577180485191
25 12.179892550095301 8.041577180485191
26 14.991975234742583 8.041577180485191
27 32.374047233902516 8.041577180485191
28 19.315537705851447 8.041577180485191
29 4.442056102643692 4.442056102643692
30 3.7192235274425913 3.7192235274425913
31 5.15059824178692 3.7192235274425913
32 4.126634829166717 3.7192235274425913
33 3.7407869728519234 3.7192235274425913
34 6.090738823712777 3.7192235274425913
35 8.70043159676287 3.7192235274425913
36 13.930581335064225 3.7192235274425913
37 316.34100876239563 3.7192235274425913
38 8.545995746210966 3.7192235274425913
39 5.190659913094355 3.7192235274425913
40 6.592763910761201 3.7192235274425913
41 3.6949380762341466 3.6949380762341466
42 3.740545818496699 3.6949380762341466
43 10.041409048445104 3.6949380762341466
44 2.285141351661766 2.285141351661766
45 4.056110088652032 2.285141351661766
46 2.2089380242404317 2.2089380242404317
47 2.900165350668087 2.2089380242404317
48 4.981471729416962 2.2089380242404317
49 194.79048645948762 2.2089380242404317
50 1.2049400335048972 1.2049400335048972
51 1.094736646347938 1.094736646347938
52 12.866402290926814 1.094736646347938
53 82.81003575188458 1.094736646347938
54 21.179125269042537 1.094736646347938
55 9.933191261535308 1.094736646347938
56 15.07828006786371 1.094736646347938
57 157.5008019885251 1.094736646347938
58 32.6680668553314 1.094736646347938
59 40.58687842364354 1.094736646347938
60 22.769020343907574 1.094736646347938
61 133.86242578341515 1.094736646347938
62 101.03457180854164 1.094736646347938
63 14.229059156068137 1.094736646347938
64 90.80611716504193 1.094736646347938
65 118.66040858353931 1.094736646347938
66 93.85994352856234 1.094736646347938
67 87.79567133041536 1.094736646347938
68 34.186812588351344 1.094736646347938
69 270.7931297674281 1.094736646347938
70 150.8801906264611 1.094736646347938
71 26.72816314835226 1.094736646347938
72 105.81746608608651 1.094736646347938
73 11.823388107746736 1.094736646347938
24 17.18643316800921 4.695341371793501
25 3.9229345892617307 3.9229345892617307
26 19.442035310772347 3.9229345892617307
27 0.5126743911842127 0.5126743911842127
28 17.49921272433344 0.5126743911842127
29 3.6022223434833 0.5126743911842127
30 0.5449139739943938 0.5126743911842127
31 0.4507808028793683 0.4507808028793683
32 43.45655115774346 0.4507808028793683
33 43.57563073004565 0.4507808028793683
34 44.038949673454404 0.4507808028793683
35 43.11365621858914 0.4507808028793683
36 43.60417151847071 0.4507808028793683
37 42.951057578107566 0.4507808028793683
38 43.94572166072017 0.4507808028793683
39 43.442983438871934 0.4507808028793683
40 43.435382098202695 0.4507808028793683
41 43.424538835757026 0.4507808028793683
42 43.41018695448962 0.4507808028793683
43 43.89620419038252 0.4507808028793683
44 44.213819333646065 0.4507808028793683
45 43.385388623431666 0.4507808028793683
