24 2.957167427371322 0.1653509719831006
25 2.9571703919026264 0.1653509719831006
26 159.85393572439955 0.1653509719831006
27 224.1364656742997 0.1653509719831006
28 3.661809355719485 0.1653509719831006
29 2.9572697280462523 0.1653509719831006
30 2.9571716705952187 0.1653509719831006
31 2.957168758484291 0.1653509719831006
32 2.957168403038142 0.1653509719831006
33 2.9571683759659764 0.1653509719831006
34 2.9571675152172703 0.1653509719831006
35 2.9571674139265647 0.1653509719831006
36 2.9571675705027665 0.1653509719831006
37 2.9571674096686547 0.1653509719831006
38 2.957167725437483 0.1653509719831006
39 2.9571674110734287 0.1653509719831006
40 2.957167410732491 0.1653509719831006
24 253.06114875039722 2.633948363256361
25 2.957167611766773 2.633948363256361
26 2.957167715523449 2.633948363256361
27 2.957167512713841 2.633948363256361
28 2.957167633424389 2.633948363256361
