24 860.8120383999546 49.33714997469211
25 34.105810471890344 34.105810471890344
26 33.53052282295217 33.53052282295217
27 47.593786932800384 33.53052282295217
28 353.7893024162313 33.53052282295217
29 45.068478001726646 33.53052282295217
30 221.05074428685793 33.53052282295217
24 516.6922881296665 26.108638789265964
25 70.27065282313603 26.108638789265964
26 66339.55491231453 26.108638789265964
27 16.544570161573542 16.544570161573542
28 17.954029717395972 16.544570161573542
29 14.656453489187617 14.656453489187617
30 97.14024390726951 14.656453489187617
31 66.7014721394384 14.656453489187617
32 6.318454884820441 6.318454884820441
33 4.093742275877955 4.093742275877955
34 4.665091799002782 4.093742275877955
36 5.5057705737398 4.093742275877955
37 3.036961564578805 3.036961564578805
38 3.2558736457639794 3.036961564578805
