24 5.5403275850244E-4 5.5403275850244E-4
25 0.013599907574821699 5.5403275850244E-4
26 0.006470843511380498 5.5403275850244E-4
27 0.01822612328170064 5.5403275850244E-4
28 0.0011559635651806899 5.5403275850244E-4
29 0.0019820443691988456 5.5403275850244E-4
30 0.0028597633223771375 5.5403275850244E-4
31 2.1811060521403713 5.5403275850244E-4
32 0.14840523290054405 5.5403275850244E-4
33 0.005984959976846442 5.5403275850244E-4
34 0.1248037906440697 5.5403275850244E-4
35 0.005235956976842024 5.5403275850244E-4
36 0.004834489221247025 5.5403275850244E-4
37 0.003963319116928735 5.5403275850244E-4
38 5.635318548629558 5.5403275850244E-4
39 0.003591060002359446 5.5403275850244E-4
40 0.0044811690041800575 5.5403275850244E-4
41 0.4789448881020695 5.5403275850244E-4
42 8.37482006854957E-4 5.5403275850244E-4
43 0.06885720589905595 5.5403275850244E-4
44 0.40388016850081065 5.5403275850244E-4
45 1.504923516694708E-4 1.504923516694708E-4
