24 2.8517297069844076 1.2024823184612987
25 2.10667867842448 1.2024823184612987
26 3.4684654265773287 1.2024823184612987
27 0.8920347911304182 0.8920347911304182
28 2.25558400940992 0.8920347911304182
29 2.890519435207364 0.8920347911304182
30 3.516567847263864 0.8920347911304182
31 1.6148881068376812 0.8920347911304182
32 0.39093832145729357 0.39093832145729357
33 0.48444097282083454 0.39093832145729357
34 1.1722296001154167 0.39093832145729357
35 3.0537924567955486 0.39093832145729357
36 5.906739587635763 0.39093832145729357
37 0.047016338277639846 0.047016338277639846
38 2.023639949729245 0.047016338277639846
39 0.901208285528115 0.047016338277639846
40 0.45755630291208593 0.047016338277639846
41 1.521218878557588 0.047016338277639846
42 1.2706432979428544 0.047016338277639846
43 2.0966599701914967 0.047016338277639846
44 2.3153372360201043 0.047016338277639846
45 2.083254525566664 0.047016338277639846
46 2.091083723573676 0.047016338277639846
47 1.3944968332069725 0.047016338277639846
48 0.8598274305014989 0.047016338277639846
24 4.697813368881785 1.0382477974714015
25 2.2192640012281317 1.0382477974714015
26 6.169595841788063 1.0382477974714015
27 1.874156253481971 1.0382477974714015
28 2.3473878184219856 1.0382477974714015
29 5.329908847043026 1.0382477974714015
30 3.9174640322225396 1.0382477974714015
31 2.0373324955988483 1.0382477974714015
32 2.096042610633984 1.0382477974714015
33 3.3730422590303166 1.0382477974714015
34 2.252564576933121 1.0382477974714015
35 2.120355786724698 1.0382477974714015
36 3.793422957847576 1.0382477974714015
37 6.235890492272769 1.0382477974714015
38 2.234216257493311 1.0382477974714015
