24 87395.08869926288 10.961725664299358
25 9280.480194297812 10.961725664299358
26 63.940400127684555 10.961725664299358
27 9054.814969901467 10.961725664299358
28 34594.75102927946 10.961725664299358
29 5252.131118543306 10.961725664299358
30 29417.4815442092 10.961725664299358
31 515.685251353954 10.961725664299358
32 125484.6879310518 10.961725664299358
33 704822.699367072 10.961725664299358
34 949.1158320919415 10.961725664299358
35 747479.8359199641 10.961725664299358
36 381280.13564708567 10.961725664299358
37 17640.802132498688 10.961725664299358
38 5920.986024855164 10.961725664299358
39 277.9984526695797 10.961725664299358
40 1486.5213833498506 10.961725664299358
41 638444.0161984345 10.961725664299358
42 127074.11952205017 10.961725664299358
43 3128.1670114419226 10.961725664299358
44 153480.02799240957 10.961725664299358
45 632670.6209280903 10.961725664299358
24 555328.7731445257 3986.9227977663227
25 99218.50426624288 3986.9227977663227
26 298556.3858143746 3986.9227977663227
27 939612.5727228331 3986.9227977663227
28 249247.17765965255 3986.9227977663227
29 1462.737288911884 1462.737288911884
30 78143.82241211238 1462.737288911884
31 88714.34650748715 1462.737288911884
32 553999.1985418771 1462.737288911884
33 194.75219249421843 194.75219249421843
34 950720.321275077 194.75219249421843
24 5936.0371320427785 4.883277203308575
25 5184.1438716752 4.883277203308575
26 9892.588163496748 4.883277203308575
27 2896.219533887853 4.883277203308575
28 2253.6616611862887 4.883277203308575
29 1144.4250691082113 4.883277203308575
30 810121.551687314 4.883277203308575
31 6931.9285183662005 4.883277203308575
32 157214.97942528388 4.883277203308575
33 563.7444579831642 4.883277203308575
34 518.4874928325297 4.883277203308575
35 24387.018888598002 4.883277203308575
36 293.7819049181321 4.883277203308575
37 380.4758034631713 4.883277203308575
38 379.2384405283549 4.883277203308575
39 333.4857751255197 4.883277203308575
40 185.0786492875481 4.883277203308575
41 114.2511314614005 4.883277203308575
42 3.629144771405481 3.629144771405481
43 3.9150422270470693 3.629144771405481
44 7.058982071904276 3.629144771405481
45 8.761054850864642 3.629144771405481
46 15.541552400165545 3.629144771405481
47 13.373277544407735 3.629144771405481
48 27.06583445528274 3.629144771405481
49 5.280659998377139 3.629144771405481
50 6.01759147831339 3.629144771405481
51 3.1529366085047164 3.1529366085047164
52 10.144471826157067 3.1529366085047164
53 5.446907320602396 3.1529366085047164
54 8.970217410366798 3.1529366085047164
55 2.201628279644303 2.201628279644303
56 2.1915574845469665 2.1915574845469665
57 469.84835785276647 2.1915574845469665
58 2948.2054068065754 2.1915574845469665
59 939.4053105149118 2.1915574845469665
60 17.5308981091379 2.1915574845469665
61 1.8895353447274257 1.8895353447274257
62 1.6679696029126903 1.6679696029126903
63 386.84263371859674 1.6679696029126903
64 1198032.7035306788 1.6679696029126903
65 698.131813462798 1.6679696029126903
66 116.33872251734005 1.6679696029126903
24 7113.37281375772 224.61824479432045
25 796.4855510995702 224.61824479432045
26 1.191658387585421 1.191658387585421
27 15.331016548516695 1.191658387585421
28 40.60887689414877 1.191658387585421
29 23.857866415346116 1.191658387585421
30 2.201278443982516 1.191658387585421
31 5.796198940308912 1.191658387585421
32 4.433390408458971 1.191658387585421
33 591.0069587642328 1.191658387585421
34 7.1172033010758256 1.191658387585421
35 9.466938223814243 1.191658387585421
36 9.26877469791858 1.191658387585421
37 2.7123573178734524 1.191658387585421
38 3049.163653146314 1.191658387585421
39 2241.502440170967 1.191658387585421
40 512.360966404581 1.191658387585421
41 1.3081841114166433 1.191658387585421
42 0.9610147764323327 0.9610147764323327
43 101.8364343038938 0.9610147764323327
44 0.8407661266150239 0.8407661266150239
45 1.526604687374994 0.8407661266150239
46 2553.501631450805 0.8407661266150239
47 4.647830558497503 0.8407661266150239
48 9192.433372375668 0.8407661266150239
49 251.97916098335875 0.8407661266150239
50 14.846902934268801 0.8407661266150239
51 0.9311432660099266 0.8407661266150239
52 177.53776348119354 0.8407661266150239
53 42.125212401913686 0.8407661266150239
54 1.6183909371795189 0.8407661266150239
55 1.0970166533837562 0.8407661266150239
56 36.97948884937753 0.8407661266150239
57 0.7830918255349187 0.7830918255349187
58 0.7961654091271352 0.7830918255349187
59 0.8097834721670234 0.7830918255349187
60 0.9057100374621156 0.7830918255349187
