24 9.347215583416709 1.401386160607826
25 1.2091398567346527 1.2091398567346527
26 1.0244335670655293 1.0244335670655293
27 1.0620748079393239 1.0244335670655293
28 1.2991867452636714 1.0244335670655293
29 1.2398590788519464 1.0244335670655293
30 1.3787537001934704 1.0244335670655293
31 1.2098244094473165 1.0244335670655293
32 0.08350982979693627 0.08350982979693627
33 1.1672127762512632 0.08350982979693627
34 0.07807791554545387 0.07807791554545387
35 0.14550187076963397 0.07807791554545387
36 0.08098194160068357 0.07807791554545387
37 0.009659808428864039 0.009659808428864039
38 0.07526734371400329 0.009659808428864039
39 0.07976705840597662 0.009659808428864039
40 0.05699782389011603 0.009659808428864039
41 0.23354943173107123 0.009659808428864039
42 0.04740077202655606 0.009659808428864039
43 0.020970048121711403 0.009659808428864039
44 0.015042165081796545 0.009659808428864039
45 0.013119304206443305 0.009659808428864039
46 0.010075187705577221 0.009659808428864039
47 0.004375391671683886 0.004375391671683886
48 0.004023320219935499 0.004023320219935499
49 1.090653353737269 0.004023320219935499
50 20.918059673260384 0.004023320219935499
51 3.5674697931075925 0.004023320219935499
52 0.0012438749935593926 0.0012438749935593926
53 0.00110566121829894 0.00110566121829894
54 0.005666341230618791 0.00110566121829894
55 8.226758414893427E-4 8.226758414893427E-4
56 0.0019215624806941986 8.226758414893427E-4
