y
-10.00000000000000 10.00000000000000
17.57112251059377 21.89534720155972
x
-1.000000000000000 1.000000000000000
1 -29.94452032392673 29.92620802502354
2 -29.87785928833665 29.98046625365485
3 -29.83049976713678 29.93734859102423
4 -29.99300480928261 29.86178610033044
5 -29.96913768272550 29.99064453770571
6 -29.98699266737056 29.91166201681686
7 -29.86310943282174 29.92222662729726
8 -29.99593649179779 29.90373452927319
9 -29.87347487736570 29.99981071410511
10 -29.94685585837497 29.94325529335541
